 7.04415547e-01 7.18987545e-02 6.25045784e-02
 2.20376118e-01 5.79193979e-01 3.59360310e-02
 1.11795413e-01 2.33786625e-01 6.87114006e-01
 5.15441955e-01 6.74085181e-01 1.95765201e-01
 6.64399069e-01 7.74986079e-02 1.25650382e-01
 2.08085269e-01 5.31119493e-01 3.65174023e-02
 8.24376967e-02 9.42674761e-02 5.64198687e-01
 6.61532080e-01 6.59020699e-01 9.32890976e-02
 7.42818057e-01 2.07798185e-01 1.67497645e-01
 2.08650577e-01 7.09180900e-01 8.72519619e-02
 1.87767754e-02 2.37599975e-01 6.40076271e-01
 7.22589970e-01 7.45751377e-01 1.88853791e-01
 6.56555408e-01 4.96227235e-02 2.21562068e-01
 2.37724203e-01 5.23189307e-01 1.65130668e-01
 2.28810967e-01 2.32975707e-01 6.92748518e-01
 7.05348305e-01 5.60784380e-01 4.01675721e-02
 7.37622619e-01 2.18373236e-01 8.22475094e-02
 2.04196730e-01 6.99639051e-01 3.77499485e-02
 8.29775098e-03 1.64180894e-02 6.29964693e-01
 7.09329621e-01 5.75834660e-01 2.21483080e-01
 6.27741722e-01 2.07622465e-01 1.77301191e-01
 9.72420288e-02 5.45546460e-01 1.33742032e-01
 6.79663451e-02 9.39576876e-02 7.02627506e-01
 6.68387121e-01 5.07554280e-01 1.39476985e-01
 7.38075893e-01 1.51059518e-01 8.54486155e-02
 7.80963344e-02 5.19215290e-01 8.62473452e-02
 1.13395263e-01 1.94007431e-01 6.73762868e-01
 5.47953924e-01 6.34374267e-01 1.13044798e-01
 5.65865167e-01 9.24353947e-02 8.26932644e-02
 7.91510774e-02 5.38881082e-01 7.47548588e-02
 1.50657855e-01 9.67831611e-03 5.18690197e-01
 6.86440446e-01 6.16265717e-01 1.55008573e-03
 6.68246502e-01 1.31168170e-01 1.85864457e-02
 1.31170256e-01 6.52342828e-01 1.32970440e-01
 3.37298793e-02 2.36290287e-01 7.15805071e-01
 7.02327169e-01 7.17061430e-01 2.33493428e-01
 6.68202454e-01 2.93151090e-02 2.79581150e-02
 1.38287535e-01 6.66030197e-01 1.44822887e-01
 1.03384019e-01 7.30658873e-02 5.37602725e-01
 6.82369382e-01 6.16674486e-01 2.43152489e-01
 5.15517478e-01 5.39208139e-02 1.09976565e-01
 2.22041639e-01 6.60148506e-01 9.30239911e-02
 1.04496027e-01 2.03811195e-02 7.49948900e-01
 7.47382293e-01 6.26587038e-01 7.98415109e-02
 7.06516075e-01 1.29821831e-01 5.73626350e-03
 1.84477916e-01 7.13369422e-01 2.41370539e-01
 1.81918645e-01 7.21162568e-02 5.37437726e-01
 5.88847716e-01 5.68508164e-01 1.99677902e-01
 5.31020613e-01 2.16516980e-01 1.61980975e-01
 1.71035917e-01 5.99751962e-01 1.20168339e-01
 1.04300902e-01 1.42794679e-01 7.40409903e-01
 7.29045876e-01 6.47885506e-01 9.84937617e-02
 5.86693908e-01 1.20213959e-01 2.18066484e-01
 4.33613906e-02 7.40441151e-01 1.59208327e-01
 1.15984358e-01 6.42945441e-02 6.09142411e-01
 6.13999648e-01 5.96569139e-01 1.12015022e-02
 6.08958310e-01 2.17750450e-02 2.10452408e-01
 2.17036426e-01 6.42528475e-01 5.65581488e-03
 1.90386687e-01 8.71100407e-02 5.17551974e-01
 5.06702318e-01 5.89144351e-01 2.80325342e-02
 5.06182234e-01 1.63877434e-01 1.13643873e-01
 4.57415399e-02 6.85546250e-01 2.12313992e-01
 2.17754464e-01 2.15470527e-01 6.45282642e-01
 6.58033739e-01 7.36029200e-01 1.86010701e-01
 6.91560097e-01 6.09968807e-02 5.03341610e-02
 1.38121129e-01 7.12910283e-01 2.09740661e-01
 2.44904141e-01 2.00167029e-01 5.32113739e-01
 6.31401563e-01 5.78406060e-01 1.59328480e-01
 7.33693268e-01 3.34167967e-02 1.04107032e-01
 1.12214391e-01 7.41969843e-01 1.81020623e-01
 6.12081704e-02 1.72998297e-01 5.06829284e-01
 7.20316715e-01 5.76977992e-01 1.19710956e-01
 7.34045969e-01 1.36615108e-01 9.57862049e-02
 4.57987584e-02 5.04139540e-01 1.57754424e-01
 2.44242801e-01 1.09928100e-01 5.79686381e-01
 5.29651314e-01 7.30138000e-01 1.88224605e-01
 6.39979954e-01 1.51366598e-01 1.41216961e-01
 6.62645991e-02 5.77066716e-01 1.59734184e-01
 1.26644800e-01 9.43578834e-02 5.49635585e-01
 7.42857417e-01 5.92167913e-01 2.08205845e-01
 5.31134852e-01 4.63376862e-02 1.88963122e-01
 5.71245546e-02 6.28231303e-01 7.17725717e-02
 2.06383475e-01 2.48487839e-02 7.48427152e-01
 6.68919871e-01 6.65171034e-01 2.14605720e-01
 5.98453219e-01 1.23380916e-01 3.67242377e-02
 1.35689383e-01 5.07741738e-01 1.49527136e-01
 2.08627043e-01 7.02993368e-02 7.31306613e-01
 6.87114414e-01 6.52826453e-01 1.57418143e-01
 7.21069056e-01 1.65828208e-01 1.21399244e-01
 1.56305790e-01 5.11781937e-01 4.74455800e-02
 1.10057845e-01 3.62073065e-02 5.45705105e-01
 7.15601073e-01 6.38725863e-01 2.08457079e-01
 6.28004785e-01 1.80287767e-01 9.25786526e-02
 1.84208087e-01 5.27826131e-01 1.89123161e-01
 1.33070197e-01 1.28185386e-01 5.79428321e-01
 5.26364830e-01 6.28782473e-01 4.91942479e-02
 7.01033743e-01 1.94464470e-01 1.88196039e-01
 1.95049212e-01 7.38597524e-01 2.56245533e-02
 1.07899094e-01 1.67905721e-01 7.34501687e-01
 6.70399034e-01 5.72582570e-01 4.14495141e-02
 7.40363820e-01 9.07298493e-02 1.48432597e-01
 2.20110917e-01 6.33106609e-01 9.13126315e-02
 1.09618534e-01 1.41158694e-01 5.10862223e-01
 7.04409447e-01 7.25519052e-01 1.64677981e-02
 5.04439371e-01 2.19482475e-01 1.56888385e-01
 1.84871859e-03 6.86075557e-01 1.07651708e-01
 6.23258282e-02 2.40309627e-01 6.10601611e-01
 7.24773645e-01 6.58653060e-01 6.00042975e-02
 5.50513352e-01 1.76081265e-01 1.30109600e-01
 1.32229686e-01 5.23287772e-01 9.93839138e-02
 2.18421741e-01 1.51311153e-01 6.00903852e-01
 5.31597555e-01 5.70578892e-01 1.94160173e-01
 5.81051387e-01 1.33133538e-04 1.21203975e-01
 2.43653620e-01 5.72046902e-01 2.11632408e-01
 1.55810399e-01 1.61666226e-01 6.55068611e-01
 5.77942378e-01 5.68034208e-01 1.57009261e-02
 6.10118989e-01 2.71231875e-02 2.28468177e-01
 1.05574939e-01 7.10914225e-01 2.09794503e-01
 4.90389071e-02 2.16326760e-01 5.91852725e-01
 6.73319299e-01 5.12695322e-01 1.43097528e-02
 5.12586875e-01 2.49111162e-01 2.10319468e-01
 5.11808921e-02 6.45336960e-01 2.11917840e-01
 1.25438492e-01 1.97991017e-01 7.46902330e-01
 6.73676079e-01 5.04031156e-01 1.97551085e-01
 7.19413837e-01 2.49497932e-01 1.59104509e-01
 1.43088783e-01 5.59686807e-01 1.52328676e-01
 2.07588927e-01 2.44745876e-01 5.70154142e-01
 6.09288821e-01 6.88143879e-01 6.70909177e-02
 6.20266969e-01 5.85845031e-03 2.05947057e-01
 1.34161007e-01 6.44189664e-01 1.94753582e-01
 1.09142101e-01 5.90618479e-02 5.23343285e-01
 7.38408652e-01 7.14200705e-01 3.83936600e-02
 6.08013232e-01 1.27845364e-01 3.67235616e-02
 9.47481306e-02 5.53011379e-01 2.07909721e-02
 1.72822810e-01 1.61004710e-01 6.49227712e-01
 5.65579186e-01 6.97630233e-01 1.86779287e-02
 6.25511833e-01 1.10065113e-01 1.60827856e-01
 5.62723572e-03 6.05958096e-01 1.70589159e-01
 9.26789486e-02 1.08926557e-01 6.19026325e-01
 5.25916347e-01 5.38565480e-01 1.39614940e-01
 6.31633236e-01 1.02830261e-01 2.34740738e-01
 7.67216733e-02 6.05927403e-01 8.88946674e-02
 1.96991942e-01 1.43477932e-01 7.09523711e-01
 7.00309204e-01 5.79636575e-01 8.94884729e-02
 6.19394163e-01 2.42144764e-02 2.34730832e-01
 1.42277393e-01 5.86236325e-01 2.38700045e-01
 1.95181584e-01 2.38978900e-01 7.23562128e-01
 5.97913604e-01 7.05230504e-01 6.57982343e-02
 5.88821364e-01 9.50321184e-02 1.78816355e-01
 1.81980559e-01 6.78636669e-01 2.41313414e-01
 2.23826921e-01 1.79581313e-01 5.37570752e-01
 6.38554810e-01 6.92522298e-01 1.21609925e-01
 5.01959866e-01 7.05263101e-02 2.89864315e-02
 1.17379812e-01 6.09122106e-01 4.61708952e-03
 8.73855877e-02 1.21114572e-01 5.52459732e-01
 6.37584194e-01 5.17845743e-01 1.99677471e-02
 5.70945483e-01 5.88069148e-02 1.52993790e-01
 6.26069979e-02 6.37628850e-01 1.31729575e-04
 2.22516753e-01 4.61803662e-02 6.53685921e-01
 5.88440625e-01 5.75031387e-01 6.16776965e-02
 6.18576484e-01 2.43190991e-01 1.71341973e-01
 1.41634748e-01 6.51591295e-01 4.18402412e-02
 6.16877797e-02 1.01756214e-01 5.36532800e-01
 5.50406009e-01 6.02212846e-01 1.24148093e-01
 5.84136818e-01 1.49456470e-02 1.71744580e-02
 1.61053206e-01 5.43751340e-01 4.70640335e-02
 2.54532450e-02 2.19521426e-01 5.44576779e-01
 6.96538436e-01 6.79641533e-01 1.77323599e-01
 7.28765529e-01 1.15748921e-01 3.73889822e-02
 3.13938623e-02 5.59954080e-01 1.71834365e-01
 4.79885552e-02 3.77538271e-02 5.99306491e-01
 6.67111509e-01 7.03299450e-01 7.66311092e-02
 5.92959894e-01 1.38578796e-01 1.68451421e-01
 1.38832707e-01 6.54401539e-01 1.52684852e-01
 1.26452205e-01 2.18277986e-01 7.26251178e-01
 7.04470779e-01 6.28549103e-01 9.82402725e-02
 6.67877623e-01 1.08567852e-01 4.31813601e-02
 2.15777593e-01 7.22649415e-01 9.68065037e-02
 6.82340569e-03 2.00602946e-01 6.07777471e-01
 6.99578503e-01 7.46392687e-01 9.50115161e-02
 5.41423620e-01 1.52683454e-01 2.25222306e-01
 1.98482556e-01 6.40185646e-01 1.33195727e-01
 4.15985039e-02 9.49868084e-02 6.63785771e-01
 6.33239632e-01 5.74774016e-01 2.20640001e-02
 6.65891076e-01 2.32974855e-01 3.86897040e-03
 9.05720418e-02 7.17530157e-01 1.97086338e-01
 2.12587781e-01 2.20041612e-01 5.03043029e-01
 5.65284372e-01 5.45604401e-01 1.95436237e-03
 7.24750899e-01 2.37224945e-01 6.11300082e-02
 1.04439330e-01 7.24453220e-01 2.01083610e-01
 8.43535088e-02 1.95082023e-01 6.24330662e-01
 6.35078225e-01 5.97617819e-01 1.01545730e-02
 7.37186881e-01 2.08573704e-01 4.89030632e-02
 4.54999883e-02 5.47369404e-01 7.45809728e-02
 9.89803693e-02 2.09646755e-01 5.73884851e-01
 5.65364965e-01 5.97126638e-01 8.74179118e-02
 6.94808241e-01 2.00708472e-01 3.18964711e-02
 1.81118955e-01 6.37191916e-01 1.03272607e-01
 2.36208048e-01 1.27027664e-01 6.30613623e-01
 5.47214629e-01 7.38814570e-01 6.01185816e-02
 5.59759366e-01 8.51575632e-02 1.87190238e-01
 1.25321257e-01 5.77057939e-01 6.72373170e-02
 1.77031268e-01 1.36161731e-01 6.64644814e-01
 5.95283575e-01 5.18446600e-01 4.16236941e-02
 6.45950625e-01 8.43355131e-02 2.48141055e-01
 1.30452577e-01 5.86754362e-01 4.26529843e-02
 1.91855312e-02 3.11567438e-02 5.60513194e-01
 6.41521796e-01 6.69990362e-01 2.23912772e-01
 5.82204525e-01 1.50402739e-01 2.45665832e-01
 1.27742643e-01 7.32710018e-01 6.12557806e-02
 2.05840288e-01 2.00879400e-01 5.56263453e-01
 5.78044482e-01 7.20463175e-01 1.12174995e-01
 6.80668545e-01 1.35555368e-01 3.71252843e-02
 9.29039348e-02 6.92903726e-01 3.52686543e-03
 1.90480908e-01 4.41040714e-02 5.62670492e-01
 5.86522922e-01 6.19821979e-01 2.08244255e-02
 6.46318410e-01 5.82951606e-02 5.26646449e-02
 1.91710285e-01 5.75122355e-01 2.21944291e-01
 2.01082376e-02 4.45262271e-02 5.17084288e-01
 7.34578725e-01 5.90494744e-01 1.60673383e-01
 5.14620701e-01 2.33589327e-01 1.65716474e-01
 1.21353967e-01 6.92211384e-01 6.55920294e-02
 7.27181203e-02 1.61288359e-01 7.32893834e-01
 7.29389974e-01 6.80185551e-01 7.51266063e-03
 5.92463863e-01 1.78906913e-02 1.02273914e-02
 2.20015724e-01 6.59069794e-01 1.54469469e-01
 1.08108470e-01 5.87611678e-02 6.99014330e-01
 5.26328161e-01 7.06925302e-01 2.49240033e-01
 7.40291874e-01 1.79720839e-02 4.60908092e-03
 1.01713560e-01 6.39204073e-01 2.65758557e-02
 6.34906282e-02 3.41515821e-02 6.42126885e-01
 6.16377714e-01 5.09163395e-01 3.95418781e-02
 6.97965669e-01 1.06704710e-01 8.23605260e-02
 2.36075485e-01 6.74362716e-01 1.97255518e-01
 3.37954994e-02 1.66065808e-01 5.83436421e-01
 5.23540522e-01 5.09718747e-01 9.08540295e-02
 5.58753825e-01 9.47346478e-02 1.53043047e-01
 2.13681782e-01 5.11561519e-01 1.32334641e-02
 1.81858852e-01 1.85858051e-01 5.42312474e-01
 5.70380711e-01 6.47078849e-01 2.05182581e-01
 5.30048675e-01 2.06007422e-01 2.22657826e-01
 2.22000712e-02 5.96043852e-01 8.08944558e-02
 1.35145787e-01 8.08925733e-04 5.70732359e-01
 6.79551123e-01 6.65153426e-01 1.08379288e-01
 7.48359306e-01 4.51279158e-02 2.03084468e-01
 1.11844733e-01 5.06511315e-01 6.68785666e-02
 8.88261220e-04 2.44937840e-01 6.55700137e-01
 7.40219120e-01 6.40740081e-01 2.24821770e-02
 6.64143072e-01 8.51910124e-02 9.51048060e-02
 1.73578439e-01 6.07780385e-01 1.67478397e-02
 1.95251956e-01 2.21296600e-01 6.38366229e-01
 6.74945809e-01 7.06642151e-01 9.15739819e-02
 5.37310575e-01 1.88135666e-02 9.22082148e-02
 1.50897454e-01 7.19676736e-01 3.08640863e-02
 1.71942533e-01 2.19442507e-01 5.71893948e-01
 5.35720657e-01 5.38615935e-01 5.96266777e-02
 6.04343446e-01 1.04916058e-01 1.59014771e-01
 5.57802752e-02 6.12689203e-01 2.20089273e-01
 1.42744642e-01 1.17945345e-02 5.34799071e-01
 7.21731822e-01 6.39401030e-01 2.46036578e-01
 6.20364597e-01 2.38259924e-01 9.68813531e-02
 2.32636953e-01 5.05702381e-01 5.99404380e-02
 1.34281257e-01 5.43630648e-02 5.47152106e-01
 6.65336064e-01 5.59886233e-01 5.86370003e-02
 6.67231960e-01 1.48375857e-01 5.39629054e-02
 7.93061075e-02 6.61224085e-01 2.63527637e-02
 1.39361606e-01 1.09788223e-02 5.77372340e-01
 6.20763067e-01 5.87692593e-01 1.31512245e-01
 5.29002133e-01 1.87663543e-01 1.93350072e-01
 1.83353603e-01 5.52664228e-01 6.87125343e-02
 1.87498866e-01 1.27140609e-01 5.74371905e-01
 6.64124451e-01 6.93767800e-01 1.54198868e-01
 5.46328865e-01 1.55040699e-01 7.53056590e-02
 5.54959381e-02 6.06981481e-01 5.33082646e-02
 2.22121134e-02 1.80864769e-01 6.89204043e-01
 7.49597382e-01 7.27627858e-01 2.07962579e-01
 6.25514959e-01 1.75071990e-01 1.97095582e-01
 1.37789987e-01 7.44222364e-01 1.26302623e-01
 2.41944131e-01 1.29664239e-01 6.82204399e-01
 5.04404811e-01 7.24550198e-01 2.47518434e-01
 6.84739232e-01 1.36036962e-02 8.02235127e-02
 1.79235594e-01 7.27241817e-01 2.48219904e-01
 6.61818896e-02 6.23727485e-02 5.16034458e-01
 6.39205663e-01 5.06491313e-01 1.12476378e-01
 5.31820917e-01 1.48987947e-02 1.74340691e-01
 2.08338720e-01 5.78057704e-01 2.35013214e-01
 2.82522269e-02 1.39430979e-01 6.54890750e-01
 5.89064131e-01 5.02162877e-01 1.83847739e-01
 7.15179793e-01 1.01802217e-01 5.85699091e-02
 2.01753914e-01 5.12506202e-01 8.65126951e-02
 2.31933746e-01 3.44155674e-02 6.45471933e-01
 5.92530086e-01 6.22370180e-01 5.18922451e-02
 5.74523213e-01 2.25075923e-01 1.08253818e-01
 2.42809017e-01 7.00790323e-01 1.79835100e-01
 5.90625735e-02 1.13532867e-01 6.18872360e-01
 5.71090969e-01 5.03491401e-01 1.56977421e-02
 7.24345881e-01 2.26065907e-01 8.89369760e-02
 3.32005326e-02 5.94186364e-01 1.44033333e-01
 9.23399155e-02 1.32528785e-01 5.52114223e-01
 5.39220411e-01 7.48674064e-01 9.64303239e-02
 5.68258049e-01 4.05101287e-02 2.20559405e-01
 5.79797431e-02 6.14222488e-01 2.05620613e-01
 2.18849257e-01 1.82033742e-01 6.37927882e-01
 7.49133315e-01 6.54543715e-01 2.16868358e-01
 5.43935389e-01 1.90175176e-01 1.69709428e-01
 1.71859418e-01 6.85770361e-01 1.44728110e-01
 2.92757903e-02 8.33321747e-02 5.81610628e-01
 5.94317932e-01 5.53208675e-01 4.98802701e-02
 7.22533480e-01 1.44647880e-01 2.41978380e-01
 1.42864948e-01 6.47379187e-01 2.11167769e-01
 4.97462776e-02 5.42672131e-02 5.76415841e-01
 6.56730030e-01 7.16313736e-01 3.40292352e-02
 5.06328674e-01 2.03489773e-01 5.93581202e-02
 1.43040961e-01 6.04466661e-01 1.77077121e-01
 7.08124160e-02 8.33654425e-02 7.28937444e-01
 7.13933887e-01 5.40846713e-01 2.19035156e-01
 5.16014485e-01 3.77724005e-02 1.51036769e-01
 7.03561164e-02 6.70372907e-01 2.00962194e-01
 1.78937673e-01 7.33417809e-02 5.45371234e-01
 5.53125250e-01 5.25867927e-01 1.66962443e-01
 6.23722785e-01 2.47962886e-01 6.44087955e-02
 9.36138914e-02 6.51903975e-01 1.68809995e-01
 5.21115680e-02 9.65278740e-02 6.88583765e-01
 5.76563450e-01 6.04703830e-01 9.20739282e-03
 5.36723236e-01 1.43305666e-01 2.10138176e-01
 1.11874690e-01 6.35929691e-01 1.09673584e-01
 4.76011185e-02 8.16267748e-02 5.14212292e-01
 5.07850394e-01 5.38539314e-01 4.49306741e-02
 5.08670425e-01 9.49426890e-02 1.54011301e-01
 1.36169298e-01 6.96042313e-01 1.93441825e-01
 1.33591964e-01 8.96526642e-02 5.52785558e-01
 5.97438971e-01 6.06134009e-01 1.46570970e-01
 7.38436243e-01 2.31028603e-01 9.49103744e-03
 1.58431436e-01 6.76980191e-01 1.73340771e-02
 2.19674513e-01 3.73860842e-02 7.35589769e-01
 6.56309196e-01 6.21564767e-01 9.86109678e-03
 5.17530954e-01 1.62317414e-01 2.25723339e-01
 7.30240498e-02 5.27257235e-01 1.93992493e-01
 2.36050528e-01 1.57150413e-01 5.59402240e-01
 5.84489143e-01 6.24822493e-01 1.36290767e-01
 6.80254860e-01 4.76540261e-04 7.10237672e-02
 2.46801476e-01 5.79354055e-01 6.57529486e-02
 1.58415782e-01 2.03104087e-01 5.41412705e-01
 7.20936884e-01 7.46402335e-01 6.21114350e-02
 6.95355243e-01 5.52967295e-02 2.46391393e-01
 2.48105887e-01 5.03190544e-01 1.26012640e-01
 1.89263100e-01 1.51553454e-01 5.82918083e-01
 6.98782575e-01 6.62417691e-01 2.26226917e-02
 6.42003746e-01 2.07492504e-01 1.26019714e-01
 1.45190746e-01 5.74348080e-01 1.80089585e-01
 1.37447281e-01 2.50274745e-02 5.04294949e-01
 6.16140891e-01 5.44005028e-01 2.19463134e-02
 5.90682993e-01 6.90833668e-02 5.75662539e-02
 1.94393117e-01 5.55639063e-01 1.35459394e-01
 2.43654478e-01 7.30371169e-02 6.69343363e-01
 6.44126981e-01 7.02723902e-01 1.30074464e-01
 5.97299139e-01 4.60680301e-02 2.40720152e-01
 1.37356720e-01 5.95863634e-01 5.49836110e-02
 1.13484916e-01 3.01759386e-02 6.53379247e-01
 6.54984430e-01 7.03578906e-01 6.49254979e-02
 5.21846336e-01 2.24299309e-01 1.14671871e-01
 5.97644300e-02 6.69999316e-01 2.31992275e-01
 2.38786241e-01 2.17191369e-01 5.18601454e-01
 5.89127088e-01 7.29265240e-01 1.17548303e-01
 7.34584113e-01 1.96765757e-01 1.67209697e-01
 5.09647391e-02 6.12427457e-01 4.51238851e-02
 2.07687535e-01 2.19474358e-01 5.82857814e-01
 6.67271573e-01 5.59351747e-01 4.76446669e-02
 5.44303549e-01 2.11954905e-01 1.31456425e-01
 2.22287874e-02 6.10389020e-01 1.50075405e-01
 2.49898782e-01 1.40039128e-01 6.41015086e-01
 7.03746925e-01 6.16585674e-01 2.39828002e-02
 6.67731967e-01 7.53054257e-02 3.41129974e-02
 1.35232119e-01 7.03533349e-01 1.77880985e-02
 1.29430518e-01 1.58973510e-01 6.89903333e-01
 7.29941597e-01 6.79783999e-01 1.53583474e-01
 5.67334535e-01 1.94382157e-01 2.11318188e-01
 8.15871034e-02 5.21087854e-01 2.38075018e-01
 2.35755746e-01 2.23871275e-01 6.28532552e-01
 6.35657477e-01 6.69533494e-01 2.11041047e-01
 6.57102260e-01 1.95193066e-01 9.41728805e-02
 9.40118895e-02 7.17434134e-01 5.75963378e-02
 7.16668786e-02 8.96947829e-02 6.09061413e-01
 6.97792925e-01 7.47168090e-01 1.57914498e-02
 6.90430085e-01 2.45502861e-01 2.03659308e-01
 5.01201807e-02 5.22065929e-01 1.35779973e-01
 2.38722819e-01 1.91874791e-01 6.83138294e-01
 5.16254416e-01 6.73128463e-01 5.91990797e-02
 5.37453294e-01 1.82088886e-02 2.15267291e-01
 1.83348808e-01 6.31828047e-01 2.09840053e-01
 2.31874463e-01 2.47902285e-01 6.58130008e-01
 5.96845681e-01 7.47309546e-01 1.00570979e-01
 6.60718122e-01 1.95600447e-01 4.49371796e-03
 2.45331383e-01 7.48344893e-01 1.63522132e-01
 3.30359293e-02 1.71904577e-01 5.32479617e-01
 5.09419177e-01 5.52867320e-01 2.16732081e-01
 6.94759970e-01 3.09802977e-02 2.19577778e-01
 1.23137601e-01 5.78546710e-01 2.19299866e-01
 5.17009548e-02 1.34107335e-01 5.62712148e-01
 6.00404900e-01 7.43427825e-01 1.97020259e-01
 5.26246417e-01 2.01795758e-01 1.05576874e-02
 7.91691790e-02 6.33267408e-01 1.65972405e-01
 1.21709271e-01 9.36553988e-02 5.25914075e-01
 5.90422777e-01 6.57045210e-01 8.59808268e-02
 7.18669667e-01 3.12649741e-03 9.85483860e-02
 1.11581717e-01 6.72278599e-01 1.55239860e-01
 1.26292909e-01 2.24633595e-03 6.26820248e-01
 6.20456824e-01 6.13785349e-01 2.41411390e-01
 7.11370465e-01 3.22146919e-02 6.84526120e-02
 4.49414387e-02 7.42402112e-01 7.93870573e-02
 3.62687989e-02 1.22520092e-01 7.40207696e-01
 5.56610131e-01 7.32197576e-01 2.11202759e-01
 6.92480427e-01 4.40935370e-02 2.34090899e-02
 2.17183897e-01 5.63338691e-01 3.90094739e-03
 1.39710323e-01 9.32412029e-04 5.24997164e-01
 5.60679584e-01 6.48079351e-01 2.86447535e-02
 6.58780188e-01 1.97150118e-01 9.39943440e-02
 7.02591372e-02 6.70991704e-01 1.40855790e-02
 6.17665602e-02 4.88825438e-02 6.64968165e-01
 6.69002104e-01 6.04260431e-01 2.39654273e-01
 7.15151086e-01 2.28838387e-01 2.31698827e-01
 3.08306670e-02 5.44175871e-01 1.65392442e-01
 8.39290893e-02 1.07031320e-01 5.66160367e-01
 5.01241049e-01 7.19621260e-01 2.14062337e-01
 6.73396194e-01 7.69104655e-02 1.91082402e-01
 1.87850497e-01 5.14861173e-01 9.00814700e-02
 5.59837710e-02 2.35603063e-01 6.66670187e-01
 5.94436844e-01 6.40898728e-01 1.25029978e-01
 6.18997047e-01 2.10420404e-01 2.09047300e-01
 9.19027124e-02 7.34508325e-01 2.46476987e-01
 1.08105854e-01 1.59692592e-01 5.52497609e-01
 7.43444416e-01 6.98893252e-01 2.66059811e-02
 5.32542536e-01 6.30738380e-02 5.60920014e-02
 2.34176466e-01 6.04293100e-01 2.78969143e-02
 3.55687094e-02 3.80633025e-02 5.08010809e-01
 5.23402598e-01 6.97940028e-01 5.63230551e-03
 5.26338908e-01 2.26926538e-01 1.27770288e-01
 6.74414521e-02 5.94828452e-01 4.99742320e-02
 2.09041816e-01 2.04007711e-02 5.46094164e-01
 6.77712872e-01 5.26737983e-01 1.62933305e-01
 5.90474704e-01 2.07445296e-01 5.03068752e-02
 8.91647305e-02 6.29552966e-01 1.57457474e-01
 1.19731425e-01 2.02446366e-01 5.84573755e-01
 5.15436231e-01 5.51888093e-01 1.22125938e-01
 6.15905047e-01 2.42023505e-01 1.37911152e-01
 1.71871198e-01 6.64942151e-01 1.43118524e-01
 1.67085981e-01 8.49571389e-02 6.99281388e-01
 5.12777767e-01 5.64076038e-01 2.28308251e-01
 5.62755161e-01 2.37400953e-01 1.47391300e-01
 4.94116684e-02 6.76135441e-01 1.34731674e-01
 8.60522742e-02 2.14972553e-01 7.43072849e-01
 7.09945457e-01 5.97293678e-01 1.34881293e-01
 5.03632388e-01 7.35205534e-02 2.44688579e-01
 2.45045713e-01 5.92360981e-01 2.91661168e-02
 1.32355671e-01 7.79096350e-02 5.68876161e-01
 5.28313880e-01 5.63135710e-01 2.25229195e-01
 7.36954220e-01 1.06171230e-04 1.68996510e-01
 7.50246988e-02 5.26829072e-01 2.26695831e-01
 1.94645684e-01 1.22443754e-01 7.41604249e-01
 6.34262630e-01 5.87388127e-01 1.29374142e-01
 7.49051893e-01 5.26622236e-02 1.44651321e-01
 1.88652866e-01 5.82217958e-01 1.46382123e-01
 1.67558312e-01 6.36626508e-02 6.22976643e-01
 5.02803065e-01 6.29488901e-01 1.72527460e-01
 6.58656603e-01 1.91437470e-01 5.69264701e-02
 2.35274591e-01 7.35901220e-01 1.49656691e-01
 1.51365801e-01 2.28914706e-01 5.82736573e-01
 7.26255391e-01 6.88733650e-01 8.90789928e-02
 7.34749640e-01 1.29187057e-01 2.42729153e-01
 6.23973180e-02 6.49654737e-01 1.26771435e-01
 3.36496313e-02 7.69069275e-02 7.39292645e-01
 6.17239749e-01 6.32713335e-01 9.25633008e-02
 5.04191329e-01 8.13542564e-02 8.26497318e-02
 1.72324331e-01 6.38826915e-01 1.28377959e-01
 1.56903236e-01 5.60529435e-03 5.94416620e-01
 6.78680243e-01 6.76326444e-01 2.01295130e-01
 6.83396947e-01 1.27283939e-01 5.04194557e-02
 1.76373124e-01 6.29412010e-01 1.93893879e-01
 4.39909587e-02 1.85063442e-01 5.05803471e-01
 5.81415493e-01 6.54721910e-01 6.83897860e-02
 5.30793910e-01 1.29416500e-01 1.18932945e-01
 2.15860002e-01 7.41429246e-01 2.15823236e-01
 2.38369015e-01 8.42189376e-02 5.23986205e-01
 5.29555030e-01 6.01744407e-01 1.18603646e-01
 6.38493977e-01 1.17353031e-01 2.93486477e-02
 1.17942563e-01 5.54994783e-01 1.61251150e-01
 2.37916376e-02 1.08724887e-01 7.33964180e-01
 6.13051526e-01 6.13314417e-01 9.21275630e-02
 7.33179985e-01 2.47444655e-01 1.33475282e-04
 2.41635003e-01 5.69114702e-01 9.90213306e-02
 2.16527724e-01 4.19333795e-02 5.37693798e-01
 5.28778468e-01 5.83705906e-01 2.30167066e-01
 7.23858185e-01 1.79041675e-01 2.34586075e-01
 2.45928700e-01 5.01602680e-01 2.85223916e-02
 1.74932844e-01 4.79304500e-02 5.12969948e-01
 5.79668253e-01 5.04001307e-01 1.89000587e-01
 6.37510217e-01 2.57050412e-02 7.12628897e-02
 2.02332752e-01 5.76857505e-01 1.04200398e-01
 1.91017206e-01 1.52883683e-01 6.55989199e-01
 5.74019305e-01 6.50564876e-01 1.13328239e-01
 7.16009110e-01 1.27521384e-02 2.33831491e-01
 5.52594467e-02 6.44500253e-01 9.16964882e-02
 1.84969052e-01 1.28322281e-01 5.51352683e-01
 5.76159229e-01 6.88488373e-01 1.32553400e-01
 6.11494853e-01 2.13628580e-01 1.16566481e-01
 1.54721973e-01 6.35061810e-01 5.86903251e-02
 3.68765993e-03 1.94160623e-01 6.00475682e-01
 5.61987089e-01 7.22366768e-01 6.41646483e-03
 5.74681075e-01 1.67418720e-01 2.30086033e-01
 8.77187598e-02 6.46874149e-01 7.32861915e-02
 4.53932050e-02 3.67461456e-03 6.26856201e-01
 5.64821642e-01 6.79208293e-01 1.54571285e-01
 6.87642763e-01 1.79377308e-01 3.46322297e-02
 5.64854017e-02 7.48615153e-01 1.09884120e-01
 1.22158930e-01 5.89122064e-02 5.32008294e-01
 5.90914472e-01 5.52162843e-01 1.99429354e-01
 5.98897456e-01 1.53997550e-02 8.89977797e-02
 8.16664127e-02 7.22750688e-01 2.03207070e-01
 1.78889254e-01 1.39822349e-01 6.17745317e-01
 5.84990500e-01 6.85018682e-01 3.13105519e-02
 7.26603220e-01 4.12807384e-02 1.68907269e-01
 1.24173955e-02 6.14006721e-01 4.78507287e-03
 2.00083031e-01 1.89050871e-01 6.73118472e-01
 7.26772221e-01 7.27734649e-01 1.73235336e-01
 5.48744844e-01 4.81167526e-02 1.66422087e-01
 4.89689482e-02 6.92315244e-01 1.12426114e-01
 1.30971945e-01 2.28493295e-02 5.32112201e-01
 6.37541877e-01 6.35281863e-01 1.35949513e-01
 6.77011318e-01 9.25608525e-02 1.78701805e-01
 1.25977296e-01 6.86087357e-01 2.49047316e-01
 2.16051052e-01 2.08185381e-01 6.98802143e-01
 6.20647397e-01 6.87786114e-01 2.96897875e-02
 7.04800845e-01 3.09076595e-02 6.90461305e-02
 1.84537566e-01 6.57267417e-01 1.07528723e-01
 5.99922432e-02 9.88037375e-02 7.06440223e-01
 7.39095081e-01 5.07910768e-01 1.05218793e-02
 5.37060404e-01 3.30470304e-02 1.23270864e-01
 9.59069870e-02 5.32638436e-01 2.81152509e-03
 2.29259010e-02 2.48352563e-01 6.53193369e-01
 6.95677377e-01 5.72335380e-01 1.76045618e-01
 5.58728890e-01 1.58388274e-01 9.48086563e-02
 1.05580292e-01 6.81761812e-01 7.73267989e-02
 2.48258529e-01 1.13055196e-01 6.06729069e-01
 5.42019970e-01 5.02206024e-01 4.56888179e-03
 6.37210382e-01 2.39139360e-01 1.31696777e-01
 2.08184305e-01 6.03535679e-01 2.68491074e-02
 1.52801526e-01 4.38829845e-02 5.95659200e-01
 5.24793310e-01 6.01416764e-01 2.14018818e-01
 5.53874616e-01 1.45634930e-01 1.37810364e-02
 2.37150822e-01 6.00078099e-01 1.22081293e-01
 1.95948530e-01 5.02520847e-02 5.76648735e-01
 7.27352400e-01 6.42875919e-01 1.18705013e-02
 5.56023340e-01 1.66540447e-01 2.06839101e-01
 9.11860635e-02 6.01788275e-01 1.91399690e-01
 2.13172771e-01 1.31663066e-01 7.19962235e-01
 6.81011640e-01 6.35702262e-01 1.43498474e-01
 5.30590232e-01 2.23868055e-01 1.11926689e-01
 7.93121637e-02 5.27584698e-01 1.33938569e-01
 8.92671756e-02 1.20129522e-01 6.63024753e-01
 5.43181809e-01 5.41932706e-01 3.82136808e-02
 6.78327141e-01 5.24148608e-02 2.01568580e-01
 7.08391568e-02 5.75848008e-01 1.16904151e-01
 7.35827122e-02 4.63255325e-02 5.42960490e-01
 6.46387727e-01 6.14295928e-01 1.32350532e-01
 5.98565284e-01 2.30511837e-01 2.66794226e-02
 4.28699794e-02 5.79576078e-01 1.44868509e-01
 1.54418621e-01 1.91723892e-01 5.30839117e-01
 6.70899595e-01 7.05201544e-01 1.44380244e-02
 5.69134541e-01 1.17105709e-02 6.60244903e-02
 2.47443664e-01 6.84975754e-01 3.11729918e-04
 4.39735802e-02 2.55704616e-02 5.30576862e-01
 5.23647523e-01 7.33061342e-01 7.48195133e-02
 7.40262601e-01 1.50514857e-01 8.52975498e-02
 3.93424549e-02 6.17492427e-01 3.68079294e-02
 2.06682691e-02 2.28098160e-01 5.45503565e-01
 6.37035807e-01 7.24081111e-01 1.08406635e-01
 7.26515405e-01 2.20470139e-01 2.01358991e-01
 1.27732087e-01 6.47320763e-01 2.05948101e-01
 2.36655293e-02 2.79942505e-02 7.19288124e-01
 7.28452099e-01 5.36717438e-01 5.66654553e-02
 6.67994649e-01 1.05943779e-01 1.27876937e-01
 4.65673349e-02 6.21286608e-01 8.42846241e-02
 1.65358193e-01 1.79805692e-01 5.07684255e-01
 5.71516925e-01 6.64310664e-01 2.26761919e-01
 5.94842539e-01 1.31848774e-01 1.91306603e-01
 1.73987061e-01 6.75928436e-01 1.11183120e-01
 1.67897545e-01 1.58971071e-01 5.14720513e-01
 6.85921620e-01 6.31455260e-01 7.08372994e-02
 5.32252863e-01 1.05809524e-01 2.00335932e-01
 1.00708443e-01 7.35293252e-01 1.71007399e-01
 2.57035354e-02 2.16810256e-01 5.25969133e-01
 5.21304156e-01 5.06132037e-01 2.30212143e-01
 6.35108290e-01 7.59435000e-02 8.81095697e-03
 2.60262748e-02 5.49888746e-01 4.83140321e-02
 1.82782964e-01 8.10131578e-02 5.01967762e-01
 5.49281396e-01 7.38475218e-01 1.61716831e-02
 5.10890533e-01 1.79001050e-01 7.06789110e-02
 5.51981033e-02 5.72213974e-01 1.08948300e-01
 3.47086491e-02 1.88196212e-01 5.19847796e-01
 5.97405610e-01 7.28680820e-01 1.42645273e-01
 6.03140200e-01 4.91576924e-02 1.93951737e-01
 1.68473559e-01 6.87546681e-01 5.00648261e-02
 8.71779393e-02 6.24046818e-02 6.56200694e-01
 5.40886353e-01 5.39417824e-01 1.60055714e-02
 5.62042592e-01 1.67232435e-01 1.28364725e-01
 2.16966774e-01 5.24633360e-01 2.13521495e-01
 1.09524459e-01 2.24914411e-01 6.22989690e-01
 7.49081884e-01 7.41200372e-01 1.03317842e-01
 5.51707209e-01 6.77402677e-02 1.31848650e-01
 2.27144802e-01 5.22529578e-01 1.09365529e-01
 6.59764683e-02 2.37585482e-01 6.99767776e-01
 5.64927558e-01 6.87308656e-01 1.13401439e-01
 7.11678868e-01 1.06164544e-03 6.72739257e-02
 2.23006883e-01 5.73078427e-01 7.79021236e-02
 2.49462462e-01 8.38881678e-02 5.69043470e-01
 7.21741505e-01 5.90230173e-01 1.00811001e-01
 7.38565441e-01 3.29246899e-02 1.75779726e-01
 2.15966430e-01 6.48268796e-01 7.76433601e-02
 1.32030128e-01 1.81352946e-01 5.06149335e-01
 6.12155955e-01 5.87954831e-01 4.03335873e-02
 5.13954680e-01 1.82794514e-01 1.24377796e-01
 2.32221725e-01 6.54155071e-01 4.49939442e-02
 6.01868693e-02 1.35284395e-01 6.32242201e-01
 5.57302769e-01 5.83854917e-01 2.48096693e-01
 5.78894851e-01 1.84109582e-01 8.49486771e-02
 1.90311948e-01 6.23414590e-01 9.95602431e-03
 5.11964097e-02 3.87930350e-02 6.37312594e-01
 5.54522502e-01 5.30505101e-01 1.44294313e-01
 7.25984412e-01 1.57590586e-01 2.17764148e-01
 1.39827806e-01 6.54977575e-01 1.64714176e-01
 1.43620897e-02 1.07590085e-01 6.86383699e-01
 5.29804753e-01 5.79204121e-01 1.05020254e-01
 5.61325646e-01 1.32242864e-02 8.29623856e-02
 4.12035384e-02 6.90185175e-01 3.54031766e-02
 3.72534300e-02 1.96305648e-01 6.34196764e-01
 6.71508487e-01 5.48026377e-01 2.45825324e-01
 6.95412741e-01 8.45589185e-02 7.01606815e-02
 1.08361916e-01 7.25016624e-01 2.04100531e-01
 2.44211506e-01 1.02801959e-01 7.44066904e-01
 6.38867014e-01 6.14170696e-01 2.44409626e-01
 6.02553904e-01 2.14153791e-01 7.44520487e-02
 6.42185387e-02 6.70446045e-01 1.02562995e-01
 1.53508546e-01 2.34096671e-01 7.19455380e-01
 7.01409273e-01 7.23858458e-01 8.99252215e-02
 6.55300767e-01 1.31459578e-01 2.31597234e-01
 1.34984817e-01 6.00255569e-01 1.44005879e-01
 2.01330051e-01 8.89618490e-02 6.74183418e-01
 7.39722854e-01 6.56488964e-01 1.37572259e-01
 6.85340442e-01 2.21926244e-01 1.16887407e-01
 1.74141768e-01 5.32615753e-01 1.94063230e-01
 1.37796724e-01 1.15291025e-01 5.38589690e-01
 5.74450079e-01 5.01984866e-01 6.61726763e-03
 5.39846860e-01 6.60827564e-03 9.62948090e-02
 1.46053176e-01 5.95858954e-01 7.10549955e-02
 9.56822840e-02 9.11404006e-02 5.56063914e-01
 6.94162231e-01 7.26463380e-01 2.11675451e-01
 5.05585958e-01 1.86929160e-01 6.66875394e-02
 1.40388838e-01 6.07253012e-01 1.79910539e-01
 1.06038049e-01 1.95771625e-01 6.29797660e-01
 5.54998546e-01 6.91407340e-01 2.28675161e-01
 6.96357569e-01 1.48840227e-01 1.13135585e-01
 1.97338588e-01 7.18859430e-01 1.08543892e-01
 1.11132089e-01 1.30263496e-01 6.01582815e-01
 7.35703749e-01 7.30954783e-01 1.19782008e-01
 7.29190243e-01 1.04710558e-01 1.60577612e-01
 2.11198692e-01 6.00927796e-01 1.67114242e-01
 1.90123306e-01 1.23809652e-01 5.77901882e-01
 6.32582014e-01 6.80996249e-01 1.41568270e-01
 7.07281164e-01 1.95260448e-01 1.02203153e-01
 6.57509919e-02 7.49305769e-01 7.08735747e-02
 7.69438789e-02 1.68871353e-01 6.59027360e-01
 6.65189341e-01 5.42646864e-01 1.35446183e-01
 6.58231971e-01 1.50594723e-01 1.86880458e-01
 7.65939399e-02 5.75637197e-01 1.96877917e-02
 2.00764598e-01 9.65175695e-02 5.80456968e-01
 5.04378992e-01 6.26582939e-01 1.50903294e-01
 6.47301221e-01 2.14556357e-01 1.79907055e-02
 4.11343313e-02 6.23894513e-01 6.74253534e-02
 1.97510918e-02 1.05365558e-01 7.47359487e-01
 7.21830529e-01 7.35995439e-01 1.64014883e-01
 6.44185212e-01 1.46236610e-01 8.51177817e-02
 9.56241600e-02 5.28498589e-01 2.30127346e-01
 7.05204962e-02 2.92987222e-02 5.25849462e-01
 7.48728078e-01 6.26901824e-01 1.59678629e-01
 7.18180362e-01 1.96210866e-01 9.04707865e-02
 1.13972774e-01 7.02336262e-01 5.60511243e-02
 1.12004006e-01 3.40456161e-02 5.45674111e-01
 6.40269749e-01 6.56602112e-01 1.78925627e-01
 6.09300522e-01 1.54821392e-01 8.79271478e-02
 1.78044238e-01 7.16337451e-01 4.04490090e-02
 4.82713454e-02 1.65895836e-01 5.94804732e-01
 6.70350516e-01 5.72858439e-01 2.40514621e-01
 6.32887379e-01 5.57941836e-02 1.82851582e-01
 1.33272024e-01 6.54733058e-01 1.81305171e-01
 2.25530378e-01 8.42886546e-03 6.26032935e-01
 6.26939856e-01 5.87580724e-01 1.52803019e-01
 6.83313084e-01 6.15102129e-02 2.30846081e-02
 1.81344473e-01 7.29267116e-01 1.04616926e-01
 2.10462773e-01 1.93819827e-01 6.94039109e-01
 5.56439428e-01 5.83284841e-01 1.60999059e-01
 5.27916434e-01 9.66856577e-02 2.16483405e-01
 1.10563757e-01 7.45220949e-01 6.10902171e-02
 1.53176324e-01 5.98208767e-03 5.90487843e-01
 6.43560120e-01 5.26230225e-01 1.23199300e-02
 5.88039517e-01 1.10157538e-01 2.37020534e-01
 2.12791640e-02 5.28176410e-01 9.11662045e-02
 1.63892091e-01 1.56409144e-01 5.60229325e-01
 7.06409960e-01 6.44188330e-01 1.93573146e-01
 7.28156653e-01 1.75931380e-01 2.35688269e-01
 1.84489706e-01 5.32148769e-01 2.00226125e-01
 2.35829314e-01 1.37165501e-01 5.18439948e-01
 6.34343007e-01 5.19662209e-01 6.36760650e-02
 6.54321464e-01 7.16046150e-02 2.70507150e-02
 2.11614456e-01 5.55621336e-01 5.01053422e-02
 2.16842207e-02 8.13457992e-02 6.64938935e-01
 7.21749764e-01 6.64078835e-01 2.13678631e-01
 5.92028275e-01 1.84263971e-01 1.81458947e-01
 7.30240413e-02 5.72059581e-01 1.35063889e-01
 1.75960558e-01 4.18973333e-02 6.62372041e-01
 5.19050711e-01 5.78787745e-01 5.59429104e-02
 7.46402372e-01 1.11104167e-01 2.36181916e-01
 9.68936380e-02 7.20264621e-01 1.02162375e-01
 1.88660581e-01 1.94453018e-02 5.49535684e-01
 5.29490790e-01 6.49140248e-01 1.84677349e-03
 6.07536941e-01 1.05584626e-02 6.06015000e-02
 5.52984956e-02 5.59968275e-01 2.48906999e-01
 1.36335847e-01 1.43062931e-02 5.11829816e-01
 6.61828148e-01 5.87288885e-01 8.23228715e-02
 5.86565076e-01 1.45920293e-01 2.44609480e-01
 2.18817578e-01 5.22548657e-01 2.73816945e-02
 1.23395161e-01 7.03953940e-02 6.71629061e-01
 7.10956017e-01 5.35168179e-01 5.61528549e-03
 6.94836239e-01 8.00524916e-02 3.17852863e-02
 1.48365216e-01 6.16454793e-01 2.46906856e-01
 2.23763054e-01 1.29348516e-01 5.42186640e-01
 6.61756568e-01 5.84300559e-01 2.46848920e-01
 6.02468336e-01 2.46316061e-01 1.92411072e-01
 1.48675430e-01 6.42843547e-01 1.31148334e-01
 2.05669882e-02 5.39367937e-02 7.48988899e-01
 5.90417982e-01 6.87163242e-01 2.27601561e-02
 6.53532152e-01 2.33462860e-01 1.83836731e-01
 2.42655922e-01 6.71960633e-01 1.37318300e-02
 4.26734324e-02 1.37603469e-01 6.56963808e-01
 5.36677768e-01 5.85028182e-01 1.70439407e-02
 6.00631615e-01 6.72657992e-02 2.90325853e-02
 4.61122223e-02 6.94630162e-01 1.48591732e-01
 1.27292474e-03 2.05879817e-01 5.17817983e-01
 6.80325063e-01 6.66992995e-01 1.69823016e-01
 5.38647914e-01 6.67688334e-02 2.05843119e-01
 1.11244007e-02 6.11729254e-01 1.46199108e-01
 2.48984308e-02 1.52606494e-01 5.64959228e-01
 6.53698456e-01 7.36075511e-01 7.07368286e-02
 7.28438384e-01 7.26073750e-02 4.56371349e-02
 5.10127305e-02 6.42115098e-01 6.27351775e-02
 1.02738768e-01 1.88031538e-01 6.30275034e-01
 5.66259550e-01 6.45448345e-01 8.52928702e-02
 5.49383004e-01 1.32605880e-01 6.72290157e-02
 2.63530557e-02 6.50112993e-01 2.33356664e-01
 2.33274868e-01 9.72968788e-02 5.70948305e-01
 6.96415220e-01 6.80419873e-01 1.97130877e-01
 7.29692058e-01 6.84248238e-02 1.17225572e-01
 1.14227419e-01 6.27772801e-01 1.99112854e-01
 2.22368324e-01 2.12389610e-01 5.84127052e-01
 6.69323903e-01 6.58642138e-01 2.83648974e-02
 7.31027686e-01 9.32377591e-02 1.41910450e-01
 4.79153807e-02 5.01578174e-01 6.17074170e-02
 2.26119444e-01 8.70261012e-02 5.37956491e-01
 6.43674167e-01 6.67376104e-01 2.26712766e-01
 5.23103079e-01 1.15730231e-01 2.24421094e-01
 7.97125088e-02 5.84748322e-01 2.41898124e-01
 2.14799881e-01 1.09253395e-01 5.06454617e-01
 7.43036549e-01 6.17879733e-01 2.00043775e-02
 6.79300823e-01 1.83422950e-01 6.68790461e-02
 1.41461328e-01 5.01090546e-01 2.72830595e-02
 3.28332223e-02 1.39705349e-02 7.41000811e-01
 5.26187912e-01 5.33288489e-01 5.31013853e-02
 6.99443258e-01 1.56958208e-02 2.06828888e-01
 2.18270973e-01 6.90377004e-01 4.89212406e-02
 2.45826057e-01 5.76495412e-02 5.85749736e-01
 5.58509750e-01 5.16279316e-01 1.26101293e-01
 5.26919588e-01 4.43601480e-02 1.30922455e-01
 4.79675317e-02 5.28943272e-01 1.42693594e-01
 8.76603154e-02 2.02755665e-01 5.05582043e-01
 5.23393676e-01 5.98766186e-01 1.07040133e-01
 7.05511960e-01 2.26717159e-01 5.98674089e-02
 1.94494678e-02 5.33877989e-01 1.78337275e-01
 1.61660109e-01 2.37658552e-01 5.91453890e-01
 6.58424038e-01 7.06819805e-01 7.99673882e-02
 6.05366721e-01 1.76519827e-01 3.96931698e-02
 2.17425807e-01 5.12320087e-01 3.47206239e-02
 2.36879703e-01 4.44771743e-02 6.61812448e-01
 5.14347697e-01 6.98951998e-01 2.38343663e-01
 6.13711463e-01 1.29649753e-01 9.02871055e-02
 2.04478955e-01 6.70379826e-01 7.44741809e-02
 1.11102970e-01 1.18505860e-01 5.00822535e-01
 7.29232033e-01 5.87540351e-01 1.03692739e-01
 5.24550815e-01 2.09692952e-02 8.54969336e-02
 3.59880957e-02 5.22535271e-01 9.77171535e-03
 1.36176053e-01 1.15803163e-01 5.27927994e-01
 5.85328131e-01 6.91956833e-01 2.52318113e-02
 6.36024225e-01 9.02109071e-02 1.40044883e-01
 1.41241900e-01 6.56071243e-01 1.00204069e-01
 1.55678738e-01 7.82565782e-02 5.44919132e-01
 6.38163980e-01 6.09105008e-01 4.45734332e-02
 7.22266124e-01 2.32504827e-01 2.01727997e-01
 1.27420807e-01 6.60668638e-01 6.72498743e-02
 2.87725398e-02 1.72608000e-01 6.93997623e-01
 6.02436944e-01 7.19622654e-01 1.27910942e-01
 6.37552798e-01 8.06973506e-02 1.43884730e-01
 2.08073779e-01 5.39726702e-01 6.17314213e-02
 1.54747627e-01 1.30549569e-01 6.90861045e-01
 5.90415934e-01 5.91314036e-01 4.32985552e-02
 6.60227742e-01 1.08104047e-01 5.94854639e-05
 3.70395217e-02 6.56984859e-01 1.76967600e-01
 1.63132577e-01 4.24045455e-02 6.85677290e-01
 5.80332136e-01 6.53590268e-01 2.08826908e-01
 6.40766325e-01 1.97475377e-01 1.93594805e-01
 3.25727051e-02 6.62478346e-01 1.82951465e-01
 2.48837916e-02 7.90447398e-02 6.19741859e-01
 5.97296179e-01 6.69285445e-01 4.33213104e-02
 5.05172836e-01 7.52934453e-02 4.19289184e-02
 7.47979931e-03 6.97298052e-01 3.95610435e-02
 2.11334377e-01 2.13172266e-01 5.86537683e-01
 5.29920594e-01 5.65222012e-01 2.49745083e-01
 6.15360669e-01 1.89052502e-01 1.40861653e-01
 3.16727458e-02 6.27766828e-01 1.39520479e-01
 7.71100473e-02 6.26572672e-02 5.04055354e-01
 7.28797890e-01 5.92878072e-01 4.04633238e-02
 7.00324922e-01 9.77477196e-02 2.40504981e-01
 5.22930801e-02 6.26128987e-01 1.16785865e-01
 1.66850005e-01 2.00532180e-01 6.17912792e-01
 5.41629878e-01 6.19690080e-01 4.30213313e-02
 5.01804031e-01 1.87808897e-02 1.43330422e-01
 3.24202630e-02 5.95986555e-01 2.39786980e-02
 2.31950741e-01 7.39682212e-03 5.68903403e-01
 6.32334848e-01 5.06614232e-01 2.30507781e-01
 5.77147364e-01 2.01437712e-01 6.37045077e-02
 2.47096091e-01 6.70491521e-01 2.47571684e-01
 8.87739743e-02 1.50422253e-01 5.18774439e-01
 5.72038770e-01 5.86639214e-01 2.43925568e-01
 5.88452810e-01 7.26828306e-04 8.99225678e-02
 2.35336001e-01 6.02338180e-01 3.95520774e-02
 4.51666284e-03 8.74337619e-02 5.04449184e-01
 5.10094170e-01 7.12603769e-01 2.36633097e-01
 5.82454881e-01 2.03270751e-01 1.18438518e-01
 4.85627922e-02 6.91725999e-01 4.00919249e-02
 2.24539780e-01 2.37552465e-03 6.00589661e-01
 6.46077534e-01 5.61395569e-01 2.95370834e-02
 6.09359826e-01 2.17925261e-01 2.15829031e-01
 2.91584898e-02 6.29249530e-01 2.03193347e-01
 9.96632458e-02 1.30957954e-01 6.90951175e-01
 7.44228469e-01 6.58448243e-01 2.10473153e-01
 5.85781177e-01 1.49089266e-01 1.05376438e-01
 1.27332649e-01 5.35017526e-01 9.84435781e-02
 1.86817805e-01 1.87629480e-02 6.37775316e-01
 6.27154365e-01 5.27688780e-01 2.36771860e-01
 7.19382895e-01 2.20380234e-01 2.48525779e-01
 3.79699031e-02 5.20203864e-01 1.26700885e-01
 6.02261623e-02 2.16913077e-01 5.02299946e-01
 5.21887445e-01 6.11962622e-01 2.26877470e-01
 6.36611139e-01 2.02863182e-01 2.02622641e-01
 6.13522417e-02 6.05481270e-01 9.09773796e-02
 9.12393428e-02 1.46729716e-01 5.23485371e-01
 6.13511935e-01 5.42349670e-01 2.43318230e-01
 7.41189159e-01 2.98419497e-02 9.42705354e-03
 7.69474194e-02 6.38337673e-01 5.01461598e-04
 1.86771852e-01 2.12939650e-01 5.58854228e-01
 6.93000219e-01 5.44538969e-01 3.19667301e-02
 6.48348038e-01 1.14889762e-02 3.92648919e-02
 9.04953062e-02 7.44731258e-01 1.24668328e-01
 1.87912188e-01 1.04676443e-01 5.73625235e-01
 6.75186353e-01 6.51348404e-01 6.68112684e-02
 5.17636867e-01 4.47115574e-02 2.19437587e-01
 7.36956162e-02 6.03130263e-01 2.43841334e-01
 2.27027362e-01 7.06514289e-02 5.03325989e-01
 5.80696736e-01 6.56512837e-01 2.46788488e-02
 5.91709875e-01 2.17766003e-01 5.99111478e-02
 1.31091099e-01 5.11974139e-01 5.38073685e-02
 1.98000664e-01 5.86319323e-02 6.04063792e-01
 6.54340504e-01 6.20156782e-01 2.34000456e-01
 6.60536060e-01 4.41037720e-02 1.66656285e-01
 6.62099919e-02 6.30368545e-01 4.45079906e-02
 2.11912251e-02 1.06188804e-02 5.71331454e-01
 7.27269677e-01 6.72575276e-01 5.02235125e-02
 6.58118724e-01 4.13159235e-02 4.62388677e-02
 1.78132042e-01 6.99540989e-01 1.95641874e-01
 1.79303151e-01 2.38692796e-01 6.46444847e-01
 6.22430226e-01 6.55642306e-01 3.05377083e-02
 7.17252658e-01 1.35340557e-01 2.06123653e-01
 5.78559129e-03 6.09202961e-01 2.25474690e-01
 1.15595284e-01 1.92477999e-01 6.62099083e-01
 7.46613981e-01 7.19859431e-01 1.18627969e-01
 6.42119835e-01 1.32316156e-02 4.75154442e-02
 3.32002327e-03 7.05511740e-01 9.16974847e-02
 2.00878260e-01 2.06535182e-01 7.37959052e-01
 7.00595809e-01 7.20933319e-01 6.94430763e-02
 5.93567506e-01 1.73064942e-01 7.36190132e-02
 1.09581535e-03 7.44593673e-01 1.96276023e-01
 1.74946512e-01 2.44768684e-01 6.82738006e-01
 7.48412676e-01 7.45664206e-01 7.06299793e-02
 5.73929865e-01 8.51334472e-02 4.35538169e-02
 2.07347124e-02 7.01592417e-01 5.78972530e-02
 6.76471191e-02 2.17741337e-01 6.81212427e-01
 5.68038453e-01 6.51978924e-01 8.31578914e-02
 5.15229541e-01 2.56932969e-03 1.41699401e-01
 2.24722020e-01 5.31299873e-01 6.19779948e-02
 2.45344656e-01 1.00500662e-01 6.92888973e-01
 5.53244514e-01 6.22886210e-01 2.45241457e-01
 6.24348463e-01 6.33884008e-02 2.00651008e-02
 2.21626136e-01 5.15076679e-01 7.31443597e-02
 4.74304319e-02 1.88979376e-01 6.94746186e-01
 5.94893123e-01 7.08729070e-01 1.69405123e-01
 5.61611537e-01 6.17635266e-02 2.21758311e-01
 2.35757342e-01 5.63583214e-01 1.46477867e-02
 2.13817202e-01 1.66711957e-01 5.06184049e-01
 7.39399279e-01 5.41769567e-01 2.12208067e-01
 5.43327766e-01 1.99619396e-01 1.40494612e-01
 1.94965595e-01 5.44848713e-01 1.83748231e-01
 1.37953842e-01 5.88050834e-02 5.08906183e-01
 5.31279181e-01 7.48843954e-01 1.72993388e-01
 6.49891136e-01 2.17186963e-02 2.25667655e-02
 2.31999187e-01 6.81233536e-01 1.10483817e-01
 1.65998806e-01 1.96822791e-01 5.15230765e-01
 5.16591790e-01 5.19446817e-01 5.51401925e-02
 7.47887514e-01 1.75783353e-01 1.97710968e-01
 1.42809316e-01 6.74752943e-01 1.35289996e-01
 2.11365979e-01 6.03397560e-04 6.24828885e-01
 7.36854532e-01 5.95642917e-01 4.06197694e-02
 6.94968453e-01 8.73733255e-02 1.30835624e-02
 4.81490881e-02 6.26786372e-01 2.42227133e-01
 1.85241592e-01 1.45097446e-01 5.00948944e-01
 6.20819979e-01 6.94159882e-01 1.91352753e-01
 6.00856162e-01 2.02697231e-01 9.41213307e-03
 1.97997710e-01 5.90192962e-01 4.44375155e-02
 1.29179616e-01 1.77466716e-01 6.34294820e-01
 5.45472188e-01 7.48121301e-01 2.54269540e-02
 5.87862720e-01 2.21520101e-01 9.45822497e-02
 1.71514603e-01 6.29823490e-01 1.26523871e-01
 2.18126105e-01 5.53978139e-02 5.57617340e-01
 6.85961734e-01 6.92947008e-01 2.24723959e-01
 5.12860065e-01 1.08461925e-01 1.62095810e-01
 1.35229647e-02 5.86477266e-01 1.64536598e-01
 2.27675060e-01 1.35318110e-01 6.64112812e-01
 7.31765240e-01 5.76652793e-01 2.41664934e-01
 5.70379729e-01 1.19469649e-02 2.36770457e-01
 1.73731760e-01 5.87198102e-01 1.76208171e-01
 1.35750619e-01 1.83683097e-01 6.06061243e-01
 6.24806802e-01 5.41125267e-01 1.78263178e-02
 6.44449398e-01 2.41355075e-01 1.51050789e-01
 2.14338286e-02 5.16262310e-01 2.39106734e-01
 8.51151522e-02 4.67774974e-02 7.19702688e-01
 7.26919394e-01 5.92300528e-01 1.81030075e-01
 6.15506847e-01 1.04705674e-01 6.09809478e-02
 2.42048505e-02 6.71953063e-01 8.86592638e-02
 8.04167703e-02 1.53006297e-01 7.24289549e-01
 5.97433869e-01 6.67047515e-01 2.49894385e-01
 6.70444331e-01 2.80828424e-02 3.37079687e-02
 4.42778015e-02 5.17361750e-01 5.53113265e-02
 1.62021505e-01 1.45361413e-01 6.57119340e-01
 6.26351100e-01 6.42600050e-01 4.41106415e-02
 5.52362709e-01 2.48675040e-01 2.22136720e-01
 5.76969070e-02 5.42808895e-01 3.91427194e-02
 3.85030713e-02 2.70010642e-02 7.48153769e-01
 5.29341061e-01 6.86894359e-01 2.26436575e-01
 7.43131045e-01 1.77081968e-01 8.52055854e-02
 4.56315772e-03 5.07819985e-01 1.09635871e-01
 1.25772681e-01 1.43498256e-01 6.08580827e-01
 5.61910688e-01 6.71139154e-01 1.66278990e-01
 7.15855520e-01 1.07082408e-01 1.07883526e-02
 2.10434954e-01 5.73021633e-01 1.81154150e-01
 2.01316091e-01 7.50349490e-02 5.44782863e-01
 6.14266042e-01 6.20656494e-01 1.67617705e-01
 5.98090890e-01 4.84642652e-03 1.12963365e-01
 1.74317982e-01 6.66784622e-01 1.79695538e-01
 1.32509037e-01 2.59068004e-02 7.01375490e-01
 5.98186054e-01 6.96562795e-01 1.46640777e-01
 7.10190690e-01 2.14152587e-01 2.31589439e-01
 1.27543367e-01 7.26655384e-01 7.72234643e-02
 1.36262251e-01 1.03420146e-01 6.63416291e-01
 5.89693771e-01 7.12983803e-01 1.36130698e-01
 5.34282793e-01 5.55457370e-02 8.09531530e-03
 1.93907053e-01 5.89205464e-01 1.57334067e-01
 1.28715918e-01 1.83523345e-01 6.02405075e-01
 6.02834385e-01 7.19849770e-01 2.04485709e-01
 7.49495185e-01 5.55144833e-02 1.74505145e-01
 8.44879566e-02 6.86363018e-01 4.86211123e-02
 4.89023526e-02 1.07271240e-01 7.47195821e-01
 6.39773156e-01 5.45990956e-01 9.53833089e-02
 5.19516011e-01 9.09452917e-02 1.07343549e-01
 9.59174623e-02 6.47836632e-01 1.25263308e-01
 2.26296746e-02 7.61064903e-02 5.53596931e-01
 6.92278655e-01 7.05358406e-01 1.02089376e-02
 5.43788073e-01 1.97313185e-01 5.68573495e-02
 9.47826635e-02 5.90665236e-01 5.85503941e-02
 1.80664772e-01 2.10464586e-01 5.59484909e-01
 7.36234877e-01 7.14542404e-01 1.30681332e-01
 6.33274807e-01 2.03176521e-01 2.29811791e-01
 1.94268986e-01 7.00349538e-01 1.49311642e-01
 1.48859408e-02 2.11240924e-01 5.67106911e-01
 6.02748974e-01 7.41087010e-01 1.17585585e-03
