 1.51099337e-01 5.45139313e-01 -8.24616347e-01
 -1.51106549e-02 9.97092798e-01 -7.46834695e-02
 -8.47028146e-01 5.17368771e-01 1.21954400e-01
 -2.98047271e-01 1.38925375e-01 9.44387402e-01
 1.84668203e-01 1.54233018e-01 9.70623424e-01
 -3.56808960e-01 2.95209087e-01 8.86306359e-01
 1.62246545e-01 4.13764824e-01 8.95809538e-01
 -9.96505695e-01 -1.53779458e-02 8.20970047e-02
 -4.32935426e-01 8.91916263e-01 1.30584440e-01
 9.59799926e-03 9.67557885e-01 -2.52467063e-01
 -2.13607848e-01 4.04615137e-01 -8.89189675e-01
 2.28122273e-01 9.18496822e-01 3.22991975e-01
 5.76568207e-02 -4.97005989e-01 -8.65829509e-01
 -4.05240876e-01 -1.83054539e-01 -8.95695745e-01
 -8.71836751e-01 -4.89665937e-01 1.13114834e-02
 -6.69601484e-02 -8.35970226e-01 5.44674325e-01
 -9.16000383e-01 -2.10878466e-01 -3.41282245e-01
 7.77481022e-02 1.36096118e-01 9.87640157e-01
 4.94428514e-02 -2.55919213e-01 9.65432940e-01
 -7.31118899e-01 2.05721399e-01 6.50495090e-01
 -1.57606416e-01 -5.05874330e-01 8.48086894e-01
 3.96366722e-01 -3.05223009e-01 -8.65870855e-01
 -5.85911477e-01 1.51531733e-01 7.96081576e-01
 -5.82912103e-02 6.96135686e-02 -9.95869512e-01
 4.71154114e-01 5.62469692e-01 6.79442158e-01
 -1.80116961e-02 5.50931859e-01 8.34355839e-01
 5.08057321e-01 -8.50777482e-01 1.34370509e-01
 -2.01764236e-01 6.36165331e-01 7.44704548e-01
 -5.04788297e-01 5.13413353e-01 -6.93970824e-01
 -9.00748779e-01 -4.33759968e-01 -2.24483271e-02
 -8.30101852e-01 8.44242194e-02 -5.51183696e-01
 -1.54996177e-01 -5.89858620e-01 7.92491636e-01
 8.79598747e-01 4.33343184e-01 1.96264435e-01
 1.52817601e-02 -3.84543388e-02 -9.99143499e-01
 5.82761472e-01 -6.63868872e-01 -4.68686663e-01
 -3.16167935e-02 2.72531485e-01 9.61627250e-01
 6.00076402e-01 -3.97104603e-01 -6.94417919e-01
 -1.80222874e-01 -5.12392654e-01 8.39626991e-01
 -7.74565939e-01 -5.69054870e-01 -2.76087236e-01
 4.37303662e-01 4.52627912e-03 8.99302519e-01
 8.66321618e-01 -8.20025410e-02 -4.92709283e-01
 9.36745505e-01 -3.03610288e-01 1.74151232e-01
 -5.86813079e-01 7.77285569e-01 2.26886655e-01
 -6.94950178e-01 7.06291328e-01 -1.34895549e-01
 2.02607612e-02 -3.39802318e-01 9.40278622e-01
 7.56307078e-01 5.97427582e-01 -2.66608117e-01
 -7.66948789e-01 -4.20790475e-01 4.84484190e-01
 3.93931106e-03 -8.49829380e-01 -5.27043174e-01
 -2.81090268e-01 8.78356427e-01 3.86624169e-01
 -3.13805370e-01 -2.56604948e-01 9.14155397e-01
 2.34010326e-01 -1.08996886e-02 -9.72173011e-01
 7.36796507e-02 7.17026988e-02 9.94700976e-01
 6.45826812e-01 4.99064671e-01 -5.77790778e-01
 2.04360223e-01 -1.61813727e-01 9.65429033e-01
 -4.33691965e-01 2.84657568e-01 8.54915989e-01
 3.25448362e-01 -9.44163734e-01 5.13634741e-02
 9.69902400e-01 -5.28043474e-02 -2.37699464e-01
 5.23521563e-02 9.68217618e-01 2.44568797e-01
 5.04377509e-03 -2.53240834e-02 9.99666570e-01
 5.09411216e-01 -2.86223591e-01 -8.11527121e-01
 -6.18948999e-02 3.20053417e-02 -9.97569386e-01
 -3.16386733e-01 -3.89637098e-01 8.64917549e-01
 -5.51122100e-02 -3.97728120e-02 -9.97687711e-01
 1.16001496e-01 -2.09676420e-01 9.70865311e-01
 6.60177192e-01 -7.42563282e-01 -1.12986047e-01
 -7.17844588e-03 -4.35636709e-02 9.99024863e-01
 3.60905069e-01 3.93336242e-01 -8.45596909e-01
 -3.00578574e-02 3.90412642e-01 9.20149170e-01
 -2.55030080e-01 1.67667773e-01 -9.52285239e-01
 -3.69172742e-02 -9.99088999e-01 -2.14076187e-02
 5.15343805e-01 7.46238027e-02 8.53728324e-01
 7.10145821e-01 3.58117132e-01 6.06172445e-01
 1.62369358e-01 -7.83069485e-01 -6.00365200e-01
 1.48238808e-01 -7.79667413e-01 6.08394594e-01
 2.38444282e-02 -6.78692233e-01 7.34035623e-01
 5.92067498e-02 1.06625358e-01 9.92534933e-01
 3.93146440e-01 8.79351680e-01 2.68656844e-01
 -7.60839528e-01 5.35021077e-01 -3.67254215e-01
 -2.56805090e-01 9.65492253e-01 -4.33111377e-02
 2.65856595e-02 1.74435309e-01 9.84309670e-01
 -6.36249237e-01 -1.35771103e-01 -7.59442635e-01
 7.22696128e-01 -6.49328735e-01 -2.36817442e-01
 7.26127780e-01 6.06166506e-01 3.24500562e-01
 -2.37863346e-01 7.05972609e-01 -6.67100970e-01
 -7.40266661e-01 5.19933136e-01 -4.26233275e-01
 4.52446167e-01 3.99437882e-01 7.97334212e-01
 5.03824514e-01 4.54877538e-01 7.34334586e-01
 -2.80926549e-01 8.15298559e-01 -5.06328484e-01
 2.11270232e-01 -5.62137419e-01 -7.99603909e-01
 6.90442952e-02 -9.88636796e-01 1.33529666e-01
 -9.77111556e-01 -1.70528406e-02 2.12042938e-01
 -3.26863079e-01 -1.90342793e-01 -9.25705217e-01
 -3.40911298e-01 5.52713287e-01 -7.60452175e-01
 6.87370471e-01 -5.47765474e-01 4.76943205e-01
 5.51533702e-01 3.01360988e-01 7.77812400e-01
 2.71599072e-01 -6.19108523e-01 -7.36843661e-01
 2.00204190e-02 2.57568888e-01 9.66052509e-01
 6.15087771e-01 5.70669890e-01 -5.44061495e-01
 -7.87771411e-01 5.70910378e-01 -2.31252122e-01
 -4.75631910e-01 1.10473710e-01 8.72679692e-01
 5.95845961e-01 1.92566340e-01 7.79670312e-01
 8.86139870e-01 -9.41034457e-02 4.53762794e-01
 3.89384923e-01 -8.29690342e-01 -3.99991648e-01
 -5.95526552e-01 1.48859661e-01 7.89423161e-01
 -9.41081073e-01 2.12577256e-01 -2.63015826e-01
 -1.39834441e-01 -1.23406470e-01 9.82454667e-01
 -8.93931312e-01 -1.01568284e-01 4.36544034e-01
 -6.98115696e-01 7.01242965e-01 -1.44543349e-01
 9.84112889e-01 -1.34940906e-01 -1.15380995e-01
 -3.00753972e-01 3.07042933e-01 9.02923964e-01
 -5.39115992e-01 -5.92841245e-02 -8.40142452e-01
 3.70793205e-01 1.26529011e-01 9.20055873e-01
 7.24625104e-01 6.58209177e-01 -2.04154694e-01
 -6.19464058e-01 -4.08757750e-01 6.70209954e-01
 3.02968440e-01 -4.76920656e-01 -8.25079883e-01
 -1.23057859e-01 -8.73928236e-01 -4.70219312e-01
 -1.25784268e-01 6.83343207e-01 -7.19180353e-01
 -9.89904882e-01 -1.31294460e-01 5.33862196e-02
 -5.88971619e-02 -5.04440112e-01 -8.61435603e-01
 -7.07230490e-01 -4.43777791e-01 5.50351076e-01
 -2.77317933e-01 -8.67741210e-01 4.12456006e-01
 -2.29494407e-01 -6.99323991e-02 -9.70794405e-01
 9.41284482e-01 2.51978771e-01 -2.24700297e-01
 8.61717298e-01 4.86051294e-02 -5.05055283e-01
 -4.90473609e-01 5.66045988e-01 6.62591562e-01
 -6.13156588e-02 5.59932482e-01 -8.26266305e-01
 -4.41034327e-02 -2.51836438e-02 -9.98709503e-01
 -2.38450876e-01 1.30169194e-01 9.62391376e-01
 -5.66459862e-01 6.02769079e-01 5.61954324e-01
 -5.29831460e-01 8.39881863e-01 -1.17801020e-01
 9.79382869e-01 -9.95661025e-02 -1.75771973e-01
 9.58726913e-01 -1.27670438e-01 -2.54053077e-01
 -2.01200167e-01 -3.58628617e-01 -9.11539362e-01
 -3.12551431e-01 1.28577172e-01 9.41158602e-01
 1.72423219e-01 4.92885393e-01 8.52838920e-01
 -2.80175984e-01 -5.64020257e-01 -7.76777038e-01
 -8.16523620e-02 -1.04720908e-01 -9.91143997e-01
 9.59683107e-01 2.46974656e-01 -1.34208243e-01
 2.86838371e-02 4.58235467e-01 -8.88367882e-01
 3.59332858e-01 8.22525037e-01 -4.40831556e-01
 9.44913227e-01 4.08609888e-02 3.24760484e-01
 -2.44390418e-01 -9.25607687e-01 2.89004731e-01
 -9.52972848e-04 9.54699998e-01 2.97568491e-01
 4.33735619e-01 -8.18119877e-01 3.77562286e-01
 -1.56402671e-01 5.90596063e-02 -9.85926046e-01
 -2.77099817e-01 4.96339978e-01 8.22716426e-01
 -4.02903041e-01 3.11597896e-01 8.60567192e-01
 -3.51872708e-01 -5.69217669e-01 -7.43086026e-01
 -7.07153542e-01 -6.52886676e-01 2.71427443e-01
 -4.98460865e-01 -8.66796092e-01 -1.41880663e-02
 2.44095132e-01 -9.50968606e-01 1.89937560e-01
 -6.71600242e-01 1.05027084e-01 -7.33431950e-01
 3.50379790e-01 3.90978757e-01 8.51099063e-01
 -4.76768190e-01 4.59213539e-01 7.49543207e-01
 8.74436144e-01 -3.75322211e-01 -3.07399850e-01
 -5.16993983e-01 -5.77030599e-02 -8.54041907e-01
 -1.41559896e-03 3.12578216e-02 -9.99510352e-01
 9.58480291e-01 -2.15107776e-01 1.87200900e-01
 -7.40107438e-01 -6.62008728e-01 -1.18259983e-01
 -6.11006186e-03 1.20904103e-01 -9.92645387e-01
 -6.39226627e-02 9.22568649e-01 -3.80500960e-01
 -1.64698716e-01 -6.35030602e-02 9.84297564e-01
 3.61628591e-01 -1.77389266e-01 9.15291107e-01
 -8.29881259e-01 -3.79018640e-01 -4.09441041e-01
 9.56747629e-01 -7.28907381e-02 2.81639690e-01
 4.38606266e-01 4.79883549e-01 7.59826508e-01
 -5.55167924e-01 -4.99352774e-01 -6.65158164e-01
 -4.51340993e-01 2.05244237e-02 -8.92115495e-01
 2.47545210e-01 8.41076399e-02 -9.65218770e-01
 -7.50262546e-01 -5.28546047e-01 -3.97171485e-01
 -8.12804165e-02 8.22949907e-01 -5.62269458e-01
 -9.80340607e-01 9.08843202e-02 1.75135190e-01
 1.97315346e-01 2.67481952e-01 -9.43143711e-01
 -1.61090124e-01 1.94914027e-01 9.67501160e-01
 7.97645092e-01 -2.93504680e-02 6.02412531e-01
 3.68770734e-01 -8.25911447e-01 -4.26472071e-01
 1.46586683e-01 3.30168186e-01 -9.32470543e-01
 -3.21547365e-01 3.72144009e-02 -9.46161921e-01
 -2.91651571e-01 -1.59531790e-01 -9.43127228e-01
 8.95152092e-01 1.16002049e-02 -4.45609883e-01
 4.13673097e-01 -5.06805609e-02 -9.09013778e-01
 -1.89353242e-01 4.13871858e-01 -8.90424300e-01
 9.92561982e-01 -1.21726240e-01 -1.85324641e-03
 -4.46143977e-01 5.25938254e-01 -7.24116361e-01
 9.47086283e-02 -3.68032858e-02 9.94824504e-01
 5.57163042e-02 -4.10071543e-01 -9.10349945e-01
 -1.47135648e-01 -3.95143929e-01 9.06759272e-01
 1.39477408e-01 -8.26057799e-01 -5.46053629e-01
 -2.95730761e-01 9.29036242e-01 2.22339782e-01
 -6.90336130e-01 -5.58465747e-01 -4.59947863e-01
 -4.88414111e-02 7.11303994e-02 -9.96270537e-01
 6.09028590e-01 7.41253698e-01 2.82182798e-01
 8.06104279e-01 -5.01695326e-01 -3.13843418e-01
 -5.24001451e-01 -2.97148911e-01 7.98201105e-01
 4.31127579e-02 2.57753667e-01 9.65248329e-01
 9.24013518e-01 -3.15093199e-01 -2.16599389e-01
 7.42330719e-01 2.99950781e-01 5.99144917e-01
 6.70192092e-01 7.28922435e-01 -1.39694821e-01
 -2.97160445e-02 -5.31402660e-02 -9.98144814e-01
 -1.87913136e-01 8.73966531e-01 4.48186520e-01
 1.48343046e-01 1.36703616e-01 -9.79441914e-01
 -2.74117120e-01 -8.16099784e-01 5.08764137e-01
 -1.86047982e-02 3.28665941e-02 -9.99286570e-01
 -6.42804699e-02 -1.42732448e-02 9.97829793e-01
 -2.22642475e-03 -6.09049204e-03 9.99978974e-01
 5.38114401e-02 2.00246366e-02 9.98350311e-01
 7.33411518e-01 2.46372903e-01 6.33567627e-01
 4.10614492e-01 8.38817420e-01 3.57464788e-01
 6.60617623e-01 -2.11428064e-01 -7.20335012e-01
 6.33598569e-01 1.40980164e-01 -7.60708517e-01
 5.62320569e-01 6.18337614e-01 -5.49048425e-01
 1.55164440e-01 4.38759823e-01 -8.85106668e-01
 1.85793839e-01 5.32197193e-01 -8.25982323e-01
 -2.02267021e-01 7.52311810e-02 9.76436542e-01
 -6.22368016e-01 -6.81939463e-01 3.84209085e-01
 -4.66400378e-01 -8.54642582e-01 2.28159472e-01
 4.00942791e-01 -2.86602173e-01 8.70117275e-01
 4.18954163e-01 -2.25985706e-01 -8.79436109e-01
 5.93435617e-01 -1.29965003e-01 -7.94319373e-01
 -7.95226437e-01 2.69613919e-01 5.43068365e-01
 -2.70980728e-01 -6.78003226e-01 -6.83286961e-01
 1.05201102e-01 -3.23679333e-02 -9.93924064e-01
 2.87677794e-02 1.71010246e-01 9.84849182e-01
 -5.29011245e-01 -2.12231645e-01 -8.21647632e-01
 9.15311100e-01 3.71818747e-01 1.54778582e-01
 -1.45399737e-01 -3.83934277e-02 9.88627767e-01
 -7.75332323e-01 3.36505374e-01 -5.34437951e-01
 3.08852172e-01 9.50530386e-01 3.32012178e-02
 3.30793542e-01 9.26928850e-01 1.77139886e-01
 -6.99384435e-01 -6.43332564e-01 -3.11423544e-01
 -3.97470068e-01 -8.94789673e-01 2.03393672e-01
 7.28045708e-01 3.18660511e-01 -6.06963694e-01
 -9.26567882e-02 -8.14799299e-01 -5.72290855e-01
 -1.85991358e-01 -3.16084007e-01 9.30321512e-01
 7.28721181e-01 6.25325137e-01 -2.79166461e-01
 -9.99358042e-01 1.15665567e-02 -3.39075073e-02
 -4.50306003e-01 -8.54794404e-01 -2.57974864e-01
 -3.11078015e-01 -6.21390103e-01 7.19099999e-01
 -2.40265541e-01 6.26765936e-01 -7.41240131e-01
 -7.73637139e-01 -5.32569624e-01 3.43300412e-01
 -3.71306368e-01 -3.48137750e-01 8.60773889e-01
 -5.87816917e-01 3.07501974e-01 7.48273886e-01
 1.40542954e-01 5.23049604e-01 8.40634754e-01
 7.69096429e-01 -3.26083723e-01 -5.49690903e-01
 4.14501860e-01 3.51116575e-02 9.09370870e-01
 -8.28892119e-01 -5.51536417e-01 -9.35170366e-02
 3.41834089e-01 8.13832886e-01 4.69920726e-01
 -2.54711133e-01 -2.20713448e-01 -9.41492333e-01
 -1.84695529e-01 -1.40842911e-01 -9.72651446e-01
 2.28230928e-01 -2.90105221e-02 -9.73174719e-01
 9.20423874e-01 3.90158675e-01 2.44151474e-02
 -8.12579800e-02 2.67616061e-01 9.60093112e-01
 1.42664353e-01 -4.66306914e-01 8.73043380e-01
 -4.33839940e-04 4.87988035e-03 -9.99987999e-01
 -3.65458546e-01 -2.94535355e-01 -8.82999986e-01
 -5.17285233e-02 3.91644223e-01 9.18661506e-01
 -8.09903909e-01 -2.72706960e-01 -5.19313559e-01
 -1.44748953e-01 -1.40727932e-01 -9.79409715e-01
 9.35194887e-01 -3.19296763e-01 1.53166906e-01
 -5.32020053e-01 -8.19228487e-01 2.14054547e-01
 3.79485964e-01 1.26233241e-01 9.16545456e-01
 2.70480536e-01 6.74919125e-04 9.62725207e-01
 -9.70250445e-01 2.13964619e-01 -1.13283784e-01
 -3.76395949e-02 -5.94900940e-01 -8.02917264e-01
 2.43415801e-02 -7.33324791e-02 9.97010449e-01
 -2.48629945e-01 9.61471991e-01 1.17280694e-01
 1.99601381e-02 -1.74926227e-02 -9.99647738e-01
 7.14344542e-01 4.04664503e-01 5.70927768e-01
 2.60001726e-01 -9.05284219e-02 -9.61355141e-01
 8.61303490e-01 5.07847716e-01 -1.57160756e-02
 -8.73564991e-01 2.16769066e-01 -4.35769869e-01
 -5.84570510e-01 4.81790134e-01 -6.52805932e-01
 3.64611316e-02 5.14521958e-01 -8.56701664e-01
 1.18200893e-01 -4.32304126e-01 8.93947253e-01
 1.01477624e-01 7.62652922e-02 9.91910226e-01
 5.29676465e-01 -8.17221037e-01 2.27140088e-01
 6.24993093e-02 5.88970261e-01 8.05734366e-01
 -1.77466962e-01 9.34808833e-01 3.07632774e-01
 -6.07216926e-01 -3.97505132e-01 -6.87951507e-01
 -6.50188088e-01 1.45419301e-01 -7.45726945e-01
 9.98865688e-01 4.73838486e-02 -4.70188891e-03
 1.27992280e-01 -5.16007452e-01 8.46967700e-01
 1.51046955e-01 2.35177621e-01 9.60143898e-01
 2.48656407e-01 -6.23772737e-01 -7.40997681e-01
 1.98116351e-01 3.18128327e-01 9.27116109e-01
 -1.34355923e-01 2.08403793e-01 9.68770533e-01
 -1.11332667e-01 8.25016164e-01 -5.54033724e-01
 -1.55072030e-01 9.47710587e-01 -2.78921688e-01
 -1.01459036e-01 9.41746113e-02 9.90372257e-01
 2.06390087e-01 -9.66822166e-01 -1.50525853e-01
 9.64958562e-04 4.59931236e-02 -9.98941290e-01
 5.68688299e-01 3.34848996e-01 7.51312031e-01
 -1.79993215e-01 1.08367377e-01 9.77680395e-01
 -4.62515315e-02 7.76317554e-01 -6.28642865e-01
 1.87307415e-01 2.01909646e-02 9.82093813e-01
 1.97204200e-02 4.07330677e-01 9.13067809e-01
 -5.74443171e-01 6.04591088e-01 5.51801287e-01
 -1.46634345e-01 5.58424466e-01 8.16492795e-01
 2.92771221e-01 -3.18294179e-01 9.01650613e-01
 -3.80054182e-01 4.93854295e-01 -7.82091269e-01
 -3.69092260e-01 -9.10263681e-01 -1.87592471e-01
 -1.66768389e-02 9.41847686e-01 3.35626012e-01
 1.06272095e-03 -2.19128357e-02 9.99759320e-01
 4.55693292e-02 4.84357761e-01 8.73682434e-01
 -1.36368937e-01 -8.77103435e-01 4.60535642e-01
 1.38424015e-01 9.86011505e-01 -9.28445174e-02
 8.47616814e-01 5.10065435e-01 -1.46215556e-01
 8.86470076e-04 -7.04783498e-01 7.09421902e-01
 -9.17794628e-01 2.28769682e-01 -3.24526506e-01
 2.39205304e-02 2.85790384e-01 9.57993562e-01
 3.00181484e-01 6.39947340e-01 -7.07360219e-01
 -7.35092000e-01 -2.03817994e-01 6.46604962e-01
 -1.84156839e-01 -9.74400570e-01 1.28956534e-01
 -1.02985905e-01 2.84016433e-01 -9.53272558e-01
 -3.09101639e-01 1.34993663e-01 -9.41399430e-01
 -1.43534059e-01 3.81831429e-01 -9.13018474e-01
 7.19667807e-01 6.34986008e-01 2.80839841e-01
 -2.04238050e-01 4.85732872e-01 -8.49911993e-01
 7.28286167e-02 -7.82364438e-02 9.94271116e-01
 -2.18509722e-01 -9.26806488e-01 -3.05423041e-01
 3.06505166e-02 -6.24879703e-02 9.97574959e-01
 4.25094262e-01 2.19082277e-01 8.78235632e-01
 1.03052517e-01 5.99492981e-01 -7.93718051e-01
 -6.20142391e-01 -6.35677133e-01 -4.59715126e-01
 -7.40502553e-02 1.47098807e-02 9.97146017e-01
 6.21776144e-01 7.74539767e-01 1.16114497e-01
 6.99742198e-01 1.14180749e-01 -7.05211750e-01
 2.76499411e-01 -2.87382985e-01 -9.17038219e-01
 -7.42701562e-01 -5.92913657e-01 -3.11203768e-01
 2.28381275e-01 -4.74905470e-01 -8.49886338e-01
 -2.64531626e-01 -9.63503134e-01 4.10454505e-02
 -6.72706109e-01 1.97080307e-01 -7.13180092e-01
 4.69302641e-01 -5.49533788e-01 -6.91207384e-01
 -4.57649891e-01 -6.97945397e-01 5.50843717e-01
 -1.83288441e-01 7.50516923e-01 -6.34924953e-01
 8.46318087e-01 3.81900569e-01 -3.71345729e-01
 -4.92253500e-01 -9.99160780e-02 8.64698369e-01
 2.07841139e-01 -6.85001429e-02 9.75761134e-01
 -8.66541317e-01 4.94676109e-01 -6.63452545e-02
 -3.76161053e-01 -8.51921649e-01 3.64324533e-01
 -9.84462874e-01 1.57836486e-01 -7.69447429e-02
 7.03558209e-01 1.55618362e-01 6.93389337e-01
 9.62297756e-01 -6.26341329e-02 -2.64688484e-01
 2.74529898e-01 -9.19789804e-01 -2.80392674e-01
 2.61347055e-01 -1.56504904e-01 -9.52472536e-01
 5.95558707e-01 2.21634349e-01 7.72132140e-01
 -1.90746786e-01 2.86927604e-01 -9.38769521e-01
 -3.61204605e-02 9.96709590e-01 -7.25624318e-02
 -8.51556580e-01 2.67324800e-01 4.50986522e-01
 9.49326678e-01 -3.12470929e-01 3.37753933e-02
 4.27057515e-01 2.96871496e-01 8.54101395e-01
 4.46623779e-01 3.03317399e-01 8.41739720e-01
 1.98183510e-01 -4.05841597e-01 -8.92197228e-01
 9.80170252e-01 1.06517828e-01 -1.67093474e-01
 2.42557056e-01 6.92906314e-01 6.79004355e-01
 9.79169093e-01 1.63190682e-01 -1.20816756e-01
 2.88081032e-01 -5.31465921e-01 7.96588535e-01
 -8.52072559e-01 -1.09636251e-01 -5.11812707e-01
 -2.97933043e-01 -2.17117624e-01 -9.29567555e-01
 -3.87926813e-01 4.17172673e-01 8.21875750e-01
 1.11794630e-01 -3.49629449e-01 9.30194178e-01
 3.74208303e-01 1.45313787e-01 9.15888666e-01
 -6.39639564e-02 4.03026319e-02 -9.97138060e-01
 -4.69611560e-01 3.92147718e-01 7.91002623e-01
 -6.71016892e-01 1.02926848e-01 -7.34263164e-01
 -5.93097628e-01 7.42326095e-01 -3.11748571e-01
 -5.24476199e-01 -8.51320531e-01 1.33442646e-02
 -4.40838419e-01 9.19754893e-02 8.92861690e-01
 -4.36556480e-02 2.81267870e-01 -9.58635786e-01
 -1.41556418e-02 -1.53298201e-01 9.88078580e-01
 3.86222430e-01 -1.94214848e-01 9.01727690e-01
 -9.25447969e-01 -3.19988633e-01 -2.02862840e-01
 -6.40843219e-02 -2.58230764e-02 9.97610329e-01
 -1.90916636e-03 6.28573929e-03 -9.99978422e-01
 4.14180021e-01 -9.47266916e-02 -9.05252321e-01
 -1.08107424e-01 7.31748969e-01 6.72945935e-01
 4.52572797e-01 5.22403123e-02 8.90195941e-01
 -4.12711903e-03 -2.44787972e-02 -9.99691830e-01
 -2.53350311e-02 8.39873234e-01 5.42191006e-01
 -1.06953916e-01 -1.44943770e-02 -9.94158324e-01
 1.71132370e-02 -6.91570700e-01 -7.22106020e-01
 -6.28314735e-01 7.17026151e-02 7.74647874e-01
 -3.50533296e-01 -2.31587451e-01 -9.07465515e-01
 8.73408378e-01 -4.81903098e-01 7.01940828e-02
 -4.58468929e-01 -7.23841399e-01 -5.15616010e-01
 7.68150857e-02 3.42183747e-01 9.36487974e-01
 -1.05895655e-01 9.91737675e-01 7.24050692e-02
 2.11925457e-01 8.67249790e-01 4.50516817e-01
 -1.16670888e-01 2.08682177e-01 -9.70999306e-01
 -2.92624943e-01 -5.24000831e-01 7.99871097e-01
 5.80578507e-01 7.24188821e-02 -8.10977252e-01
 9.35320761e-01 1.24313551e-01 3.31241929e-01
 3.05701953e-03 -3.22101167e-03 9.99990140e-01
 3.87697775e-01 -3.69159950e-01 -8.44636825e-01
 2.19190025e-01 5.69918682e-01 -7.91927035e-01
 -1.87684492e-01 9.82352851e-03 9.82180243e-01
 4.62601781e-01 8.73715282e-01 -1.50403451e-01
 7.84533905e-03 2.05629352e-01 9.78598498e-01
 -3.08793196e-01 -3.32047158e-01 8.91286400e-01
 -6.19101251e-01 -3.23681484e-01 -7.15502577e-01
 9.65144032e-01 -8.16721194e-02 2.48649680e-01
 -3.05761488e-01 9.33060070e-01 -1.89496222e-01
 -1.14588459e-01 9.60539898e-01 -2.53441491e-01
 5.18268644e-01 8.23299909e-01 2.31462464e-01
 -2.10510440e-01 1.70780932e-02 9.77442424e-01
 -9.37866204e-01 3.00069541e-01 1.74256286e-01
 5.96857516e-02 -2.41505010e-01 -9.68562306e-01
 9.47251695e-01 8.48659952e-02 -3.09050140e-01
 -4.82120001e-01 3.23501561e-01 -8.14191037e-01
 6.48186331e-01 2.66174896e-01 -7.13446147e-01
 -8.69984321e-01 -3.98087990e-01 -2.90952285e-01
 -3.15471113e-01 -6.86360097e-02 9.46449721e-01
 5.93823408e-01 7.12960505e-01 3.72908941e-01
 -9.02775932e-01 -1.08883684e-01 -4.16100901e-01
 -8.38870721e-02 -1.68617596e-01 9.82105425e-01
 -6.59603303e-01 -7.13919563e-02 -7.48215658e-01
 -5.64840215e-01 -7.31913856e-01 3.81126802e-01
 -6.50895881e-01 -2.94627040e-01 -6.99663819e-01
 -8.02674089e-01 5.62884722e-01 1.97167684e-01
 9.23771644e-01 3.20701158e-01 -2.09276650e-01
 -2.33293882e-01 -6.75514777e-01 6.99466762e-01
 -6.69384338e-01 -2.88241192e-01 6.84720106e-01
 -2.12327687e-01 9.57147761e-02 9.72499684e-01
 -7.07124518e-01 6.32254149e-01 -3.16590598e-01
 6.87170265e-01 7.20296930e-01 -9.47066971e-02
 9.73490286e-01 1.25787066e-01 -1.91034752e-01
 2.94880189e-01 1.48499432e-02 9.55418836e-01
 -1.01735405e-01 -1.86403630e-01 9.77191687e-01
 -2.79603513e-01 3.56307641e-01 8.91552994e-01
 3.98519073e-02 -4.83571445e-01 8.74397211e-01
 -9.65906905e-02 -8.87523804e-01 4.50523846e-01
 -4.51917411e-01 -8.90188369e-01 -5.77522470e-02
 7.18631488e-02 5.16791971e-01 8.53089530e-01
 -6.64846506e-01 3.63900970e-01 -6.52345926e-01
 -2.22488627e-01 -8.06904063e-01 5.47178804e-01
 1.71237566e-01 9.85076469e-01 1.73794633e-02
 -2.95655519e-01 -8.88472114e-01 -3.51005863e-01
 -3.69452611e-01 -6.21766501e-01 -6.90587566e-01
 5.21760931e-01 4.52683530e-01 -7.23078939e-01
 8.12126816e-01 1.30873995e-03 -5.83479496e-01
 -6.99086441e-01 -6.68185151e-01 2.54571703e-01
 2.96258802e-01 -9.43170344e-01 1.50533801e-01
 -1.27110130e-01 5.29392859e-01 8.38800463e-01
 5.47497106e-01 8.36420159e-01 2.54605046e-02
 2.62370480e-01 -5.72450506e-02 9.63267738e-01
 -8.61092846e-01 -9.98756891e-02 -4.98541831e-01
 -9.62697608e-01 -1.47355540e-01 2.26935366e-01
 7.77266478e-01 -5.71480155e-01 2.63186729e-01
 1.25673395e-03 2.17178215e-02 9.99763350e-01
 9.96067128e-02 1.23467680e-01 -9.87336941e-01
 2.02144008e-01 6.81450306e-01 -7.03394115e-01
 -7.04513599e-01 6.42611453e-01 -3.01182849e-01
 -4.96479754e-01 -9.56693613e-02 -8.62760237e-01
 4.16370751e-01 7.05535731e-01 -5.73458568e-01
 -6.81053668e-02 9.10625872e-01 -4.07580888e-01
 3.94948794e-01 6.23542632e-02 -9.16584637e-01
 -3.11136294e-01 -9.11004292e-01 2.70675795e-01
 2.17591756e-01 -8.44006244e-01 -4.90211473e-01
 -4.04477802e-01 5.52673403e-02 9.12876349e-01
 -4.75484869e-01 -4.30463082e-01 7.67212927e-01
 -4.10326685e-01 -6.47387684e-01 -6.42278132e-01
 -7.41727542e-01 6.21354224e-01 2.52505805e-01
 9.00593876e-01 -4.07334030e-01 1.51689345e-01
 1.97288251e-01 -8.15350447e-01 -5.44316998e-01
 -6.69020589e-01 -7.42318625e-01 -3.70743897e-02
 2.78542477e-01 5.49111909e-01 7.87965862e-01
 8.41131887e-01 -9.16810689e-03 5.40752341e-01
 -1.88339222e-01 -3.84284525e-03 -9.82096518e-01
 -6.75251218e-01 -1.49997179e-01 -7.22174936e-01
 7.51303172e-02 -1.66579289e-01 9.83161622e-01
 -2.20176596e-01 -5.07422568e-01 -8.33093395e-01
 6.41162723e-01 -6.76065280e-01 -3.63106183e-01
 -6.47432645e-01 -6.84228858e-01 3.35651368e-01
 2.51182148e-01 1.70960237e-02 -9.67788848e-01
 9.10232744e-01 1.45098329e-01 3.87843818e-01
 -2.14910517e-01 2.62479045e-02 -9.76280962e-01
 -7.73344391e-01 -3.79198689e-01 5.08081496e-01
 5.61475731e-01 8.03970180e-01 1.95900363e-01
 9.97274173e-01 5.89931903e-02 -4.43173392e-02
 4.56623624e-01 6.70675330e-01 -5.84542101e-01
 -4.39748785e-01 6.75934166e-01 5.91383133e-01
 -1.86315810e-01 9.93639306e-02 -9.77452417e-01
 2.37150258e-01 9.68045205e-01 -8.15367108e-02
 8.07496547e-01 -4.76749352e-01 -3.47360595e-01
 -8.97832434e-02 6.10149237e-02 -9.94090614e-01
 2.39236370e-01 -2.24598047e-01 -9.44627798e-01
 -4.44051035e-01 4.42579651e-01 7.79064780e-01
 1.31184453e-02 -1.19888076e-02 -9.99842075e-01
 3.38881922e-01 -9.20804288e-01 1.93076426e-01
 -5.48346950e-01 -7.86380592e-01 2.84466495e-01
 4.34246672e-01 7.90380303e-01 -4.32121283e-01
 6.00175631e-01 -7.04724570e-01 -3.78354982e-01
 -2.05878135e-01 3.51377482e-01 -9.13317063e-01
 -1.00107583e-01 5.51066445e-01 -8.28434817e-01
 -8.51790329e-02 -6.54892324e-01 7.50906503e-01
 -2.89034779e-02 3.24565482e-02 9.99055134e-01
 -9.43701350e-01 3.26000956e-01 -5.61350012e-02
 -7.92009939e-01 5.79603901e-01 1.91780016e-01
 3.54034407e-02 5.91286613e-02 -9.97622372e-01
 9.24418752e-01 -2.35181567e-01 -3.00232579e-01
 -5.29366213e-01 -2.40882651e-01 8.13478310e-01
 5.60198881e-01 5.30657561e-02 -8.26656663e-01
 2.56249017e-01 -3.59610783e-01 8.97227132e-01
 -8.68375203e-01 8.06283152e-02 -4.89309291e-01
 -1.39754930e-01 1.95050030e-02 -9.89993997e-01
 7.15151736e-02 -9.86676707e-01 -1.46132324e-01
 -7.28707192e-02 1.00050257e-01 9.92310337e-01
 8.63655501e-02 7.00233162e-01 -7.08670947e-01
 -4.75284741e-01 -4.64518374e-01 -7.47212884e-01
 -1.91307529e-01 1.73181586e-02 9.81377354e-01
 4.66683488e-01 -5.99071556e-01 6.50630304e-01
 -3.77756074e-01 4.81927925e-02 9.24650098e-01
 -9.15929497e-01 3.81996276e-01 -1.23093469e-01
 -2.86894692e-02 -9.92940897e-01 1.15088177e-01
 4.10571631e-02 -6.74965458e-01 -7.36706142e-01
 -5.06499706e-01 -8.10094867e-01 2.95303834e-01
 5.44607799e-01 -4.84302149e-01 6.84728978e-01
 -2.77274589e-01 3.32746623e-01 -9.01331508e-01
 -6.98849497e-02 5.36440323e-01 8.41039757e-01
 8.06244100e-01 -3.44240695e-01 -4.81112040e-01
 6.59392532e-01 1.64105992e-01 7.33669348e-01
 -9.86619041e-02 -1.94321475e-01 9.75963623e-01
 -7.74423261e-01 -2.57006787e-01 -5.78114283e-01
 -1.35110615e-03 1.46307429e-03 -9.99998017e-01
 9.99835801e-01 -1.74889420e-02 -4.74423148e-03
 -6.69625564e-01 7.34203273e-01 1.12014098e-01
 -5.57111851e-02 6.17757201e-01 -7.84392953e-01
 -9.69619256e-02 2.41252513e-02 -9.94995657e-01
 1.91088503e-01 -8.68372547e-01 4.57618076e-01
 -5.01888262e-01 1.44890614e-01 -8.52710315e-01
 8.68173880e-01 4.59687679e-01 1.86979547e-01
 2.65851226e-01 -1.48193772e-01 9.52555369e-01
 7.64291722e-01 -6.43107587e-01 4.76528644e-02
 -2.96212109e-01 2.98564205e-01 9.07258399e-01
 -9.88201265e-02 -2.94072049e-01 9.50660935e-01
 9.67590453e-01 -5.21268079e-02 2.47086039e-01
 -6.80269519e-01 6.34701270e-01 3.66589251e-01
 -7.40108213e-01 3.90169769e-01 5.47729299e-01
 -3.07515459e-01 4.31237058e-01 -8.48215092e-01
 -7.66482569e-01 5.10239401e-01 -3.90077204e-01
 -9.45813842e-01 -2.82163877e-01 1.60685166e-01
 -1.86746659e-01 -8.06562927e-02 9.79091542e-01
 -9.89831412e-01 -4.99172783e-02 1.33199257e-01
 3.96853635e-01 4.49170007e-01 -8.00470797e-01
 1.95249713e-01 -6.34675280e-02 -9.78697820e-01
 8.64362826e-01 1.55475978e-01 -4.78230201e-01
 8.30816313e-01 3.77300287e-02 -5.55266331e-01
 9.84365205e-02 9.20429261e-02 -9.90877566e-01
 -2.93357474e-01 -3.80076539e-01 -8.77201925e-01
 8.55226896e-02 -1.41940810e-03 -9.96335212e-01
 7.74848286e-01 6.05553082e-01 -1.81426566e-01
 4.52488775e-02 6.34289061e-01 -7.71770644e-01
 2.76303010e-01 -8.98467030e-01 -3.41194436e-01
 -8.49341169e-01 4.54372819e-01 2.68635292e-01
 6.99065417e-01 1.80043582e-01 6.92020124e-01
 -4.28489903e-02 -8.17030833e-02 9.95735191e-01
 -2.61136216e-01 -3.91508304e-01 -8.82342975e-01
 1.64828012e-01 4.95573300e-01 8.52782992e-01
 -2.85305807e-01 5.13078747e-01 -8.09537396e-01
 -5.83659191e-01 2.19447788e-01 -7.81782973e-01
 -7.03007659e-01 7.04826759e-01 -9.48655363e-02
 -3.18893789e-01 8.55487837e-02 -9.43921690e-01
 -9.29250243e-01 -3.16395955e-01 1.90755305e-01
 4.37034284e-01 -7.34273746e-01 5.19464244e-01
 -7.70379885e-01 2.98834115e-01 -5.63216658e-01
 -2.24331444e-01 2.26118834e-01 9.47916492e-01
 -9.82400787e-01 -1.26803180e-01 -1.37148268e-01
 7.24012566e-01 -3.99072266e-01 5.62625214e-01
 -5.25912830e-03 -9.55648561e-03 -9.99940506e-01
 8.25033789e-01 5.48584765e-01 1.35550740e-01
 -4.49631515e-01 8.76419878e-01 1.72394019e-01
 7.87147772e-01 -5.31133762e-01 3.13520833e-01
 -6.03990604e-01 6.84562734e-01 4.08128918e-01
 9.79923325e-01 -1.15073018e-01 -1.62814244e-01
 2.96962508e-01 -6.07679786e-01 7.36572159e-01
 -3.14428647e-01 -3.33608158e-01 -8.88729555e-01
 -1.19271173e-01 8.90684083e-01 4.38698360e-01
 9.19286019e-01 3.72359246e-01 1.27521790e-01
 2.41431081e-01 -9.06893537e-01 3.45333383e-01
 -8.84812868e-01 4.73187677e-02 -4.63537617e-01
 -8.30429364e-01 1.35969706e-02 5.56957982e-01
 -5.42555605e-01 8.24815007e-01 -1.59102547e-01
 7.53466567e-02 9.87500680e-01 1.38438754e-01
 -2.45393897e-01 6.99114609e-01 6.71580672e-01
 3.00715412e-01 9.13629180e-01 2.73590866e-01
 6.04895772e-02 9.12948341e-01 4.03567018e-01
 -1.71169962e-01 6.47543030e-02 -9.83111247e-01
 2.36588675e-02 -5.02385953e-02 9.98456980e-01
 5.03540065e-01 -5.25638590e-01 6.85675927e-01
 -4.24686567e-02 -4.86455421e-03 -9.99085957e-01
 -7.57408401e-01 -5.69909143e-01 3.18647271e-01
 2.69877795e-01 -1.80061957e-01 -9.45908911e-01
 7.72498946e-01 5.49812880e-01 -3.17728147e-01
 -2.66925688e-01 -7.23900879e-01 6.36174657e-01
 2.25426367e-01 -5.12806916e-01 -8.28379152e-01
 -6.72191875e-01 5.20824628e-01 5.26212685e-01
 -9.48569345e-01 -1.52412358e-01 2.77464719e-01
 -4.37987126e-01 -2.51350687e-01 8.63128096e-01
 4.25813000e-01 3.15027354e-01 -8.48198712e-01
 -2.20575701e-02 2.66298306e-01 9.63638249e-01
 -8.70567333e-03 1.58551496e-01 -9.87312329e-01
 6.81223204e-02 1.79654479e-01 9.81368237e-01
 -9.51839007e-01 -2.20809064e-01 2.12710749e-01
 2.68945286e-03 -2.06450483e-01 9.78453354e-01
 8.20100784e-01 5.46171988e-01 -1.70677662e-01
 -6.27015132e-01 -3.87506661e-01 6.75788881e-01
 8.86538844e-02 -3.73598044e-01 9.23344459e-01
 1.55920775e-04 2.57009839e-04 -9.99999955e-01
 -1.01130542e-01 -1.91069025e-01 9.76353031e-01
 4.04105183e-01 -2.08279613e-01 -8.90684346e-01
 5.27488794e-02 9.85305940e-01 -1.62449257e-01
 7.93935114e-01 3.60216778e-01 -4.89807011e-01
 -5.98657732e-01 1.72278256e-01 7.82258987e-01
 7.18201136e-01 4.03491392e-01 -5.66905481e-01
 4.50293424e-01 3.33458190e-02 -8.92257748e-01
 1.05172817e-01 -1.75140901e-01 -9.78909773e-01
 -9.19949815e-01 -2.54934814e-01 2.97826424e-01
 -1.98870037e-01 1.81857596e-01 -9.63004945e-01
 5.09364484e-01 1.13313052e-01 8.53058013e-01
 2.17958210e-01 9.74232086e-01 -5.80177621e-02
 -1.23726671e-01 5.09423909e-01 8.51574420e-01
 -2.71113255e-01 6.84694006e-01 6.76529172e-01
 -8.94901534e-01 2.96309179e-01 -3.33694644e-01
 4.90993652e-02 -1.13703014e-01 9.92300800e-01
 -9.02786960e-01 4.26156032e-01 -5.80236218e-02
 -2.71180187e-01 -5.33303892e-01 8.01279143e-01
 -1.39181223e-01 5.14580292e-01 -8.46070748e-01
 -5.95717125e-01 7.23294163e-01 -3.49237254e-01
 1.22290496e-02 -3.19014118e-04 -9.99925171e-01
 4.23482073e-01 9.01909737e-01 8.49809359e-02
 -3.00538287e-01 5.19127731e-01 8.00114452e-01
 -3.48661090e-01 6.05619356e-02 9.35290167e-01
 -3.67274362e-01 -5.71231685e-01 7.34032632e-01
 -1.94161544e-01 -1.94767115e-01 -9.61440100e-01
 -2.47495382e-02 -1.00068977e-01 -9.94672640e-01
 -2.49957544e-01 -3.92551826e-01 -8.85112586e-01
 -1.74725683e-01 -3.49849338e-02 9.83995422e-01
 8.91225636e-02 -8.26836527e-01 5.55336409e-01
 -9.46359977e-01 3.20123234e-01 4.38623839e-02
 -5.05177779e-01 8.24991077e-01 -2.53347853e-01
 9.72057455e-02 -3.37366118e-01 -9.36341362e-01
 9.92434263e-01 -8.65811781e-02 -8.70513217e-02
 2.26494894e-01 -4.00542531e-01 8.87843310e-01
 -9.41413537e-02 -8.14122573e-01 -5.73011205e-01
 -3.81548198e-01 4.32171186e-01 -8.17097937e-01
 -3.01345058e-01 9.38911360e-01 1.66242634e-01
 5.20867294e-01 3.15503342e-01 -7.93192854e-01
 2.27804511e-01 1.22268092e-01 -9.65999803e-01
 -3.33186879e-01 -2.42844384e-01 -9.11050552e-01
 -4.53628178e-01 4.71314552e-01 7.56362393e-01
 -1.61910963e-01 -9.74163167e-01 -1.57451468e-01
 -6.23606315e-01 6.60287456e-02 -7.78945036e-01
 3.01953767e-01 1.05579293e-01 -9.47458144e-01
 1.67825095e-01 -3.92381097e-01 9.04362656e-01
 -1.22521526e-01 5.86122337e-01 8.00905164e-01
 2.28953415e-01 8.10567260e-01 -5.39037152e-01
 8.04860103e-01 1.44964054e-01 5.75487304e-01
 3.22317320e-01 2.32642715e-01 9.17599538e-01
 -3.36319840e-01 -4.98408781e-01 7.99047966e-01
 -3.43321870e-03 5.33249279e-01 -8.45951192e-01
 1.76224834e-01 -5.57593032e-01 8.11193453e-01
 -5.71300365e-01 -6.84678648e-01 -4.52582635e-01
 -1.17624303e-01 9.74220116e-01 -1.92508932e-01
 5.50298046e-01 1.08006132e-01 8.27953341e-01
 1.59357513e-01 -8.78442708e-03 9.87181856e-01
 -7.05689017e-02 -4.94230175e-01 -8.66462096e-01
 -1.25999602e-01 -9.66366073e-01 -2.24189011e-01
 -9.28702860e-01 -1.67857061e-01 3.30658440e-01
 8.78085600e-01 -2.99238254e-01 3.73392752e-01
 -4.13403739e-02 -5.00108983e-01 8.64975132e-01
 6.17697968e-01 -7.20984994e-01 -3.14053911e-01
 5.05862469e-01 -1.33050502e-01 8.52291457e-01
 1.36109638e-01 -2.64205742e-02 -9.90341416e-01
 1.98239634e-01 -2.78354751e-01 9.39797680e-01
 -3.51969541e-01 -6.88538417e-01 -6.34060163e-01
 3.29202439e-01 -7.07498579e-01 6.25357111e-01
 2.82206376e-01 -9.58590715e-01 3.82544563e-02
 3.64596712e-01 6.98293167e-01 -6.15999911e-01
 -5.82167261e-01 -6.04972521e-01 -5.43221436e-01
 4.96308071e-02 -9.72062709e-01 -2.29414194e-01
 -8.18417479e-01 -4.39173669e-01 3.70566213e-01
 -5.47474978e-01 4.28398569e-01 -7.18850342e-01
 -3.41633365e-01 9.39504955e-01 2.48411570e-02
 -5.56625648e-01 4.33475901e-01 7.08707649e-01
 7.81485609e-02 -4.19472113e-02 -9.96058851e-01
 -1.79452166e-01 9.39963433e-01 -2.90285487e-01
 -1.50613081e-01 -3.66880297e-02 9.87911782e-01
 8.86081758e-01 -9.35127270e-02 4.53998335e-01
 -1.25583512e-01 -4.73604481e-01 8.71738250e-01
 7.65625664e-01 -6.04015296e-01 2.21320730e-01
 -3.97437449e-01 -6.57707651e-01 -6.39893836e-01
 -9.72584346e-01 -1.98495339e-01 1.21158119e-01
 -5.79294210e-01 1.59330288e-01 7.99394819e-01
 7.65011268e-02 -6.33572763e-01 7.69891637e-01
 1.99032343e-01 4.69673132e-02 9.78866793e-01
 1.86003887e-01 -3.79361843e-01 -9.06359281e-01
 8.43614990e-02 -1.11989758e-01 -9.90121928e-01
 -9.33206520e-01 -3.52341763e-01 -7.05752963e-02
 -1.00126285e-01 1.61450292e-01 -9.81788435e-01
 6.21051468e-01 8.35271141e-02 -7.79306291e-01
 -6.33364702e-01 4.82821609e-01 6.04758173e-01
 4.78027213e-01 8.23126987e-01 3.06515818e-01
 -5.98184417e-01 7.35382237e-01 -3.18415403e-01
 3.66293042e-01 -1.58000910e-01 9.16986979e-01
 -2.60393705e-01 -9.49137626e-01 -1.77010973e-01
 -4.34888101e-01 -1.88176254e-01 -8.80603223e-01
 -2.20502059e-01 8.51598406e-01 -4.75561769e-01
 -7.51434230e-01 9.44361743e-02 6.53014859e-01
 -4.90364646e-01 -2.82974871e-02 -8.71057843e-01
 5.42110512e-01 4.59003372e-02 8.39052651e-01
 8.13623886e-01 -1.88442803e-01 -5.50004984e-01
 -5.23202432e-01 -4.03322874e-01 7.50726231e-01
 -3.93070968e-01 -2.49542747e-01 8.84999227e-01
 2.40700849e-01 8.22139464e-03 9.70564532e-01
 -9.98055649e-03 -8.02579130e-01 5.96462176e-01
 1.88461070e-01 -9.82001275e-01 -1.24868179e-02
 4.75555212e-01 -7.71704644e-01 4.22278561e-01
 -3.88673384e-01 -4.34152490e-01 8.12677437e-01
 6.81356030e-01 3.12618922e-01 -6.61833340e-01
 -2.71836873e-01 -9.22768791e-01 -2.73134534e-01
 9.28679738e-01 3.76155238e-02 -3.68970211e-01
 -6.64177376e-01 -4.55522609e-01 5.92762655e-01
 9.43860823e-01 -3.26310763e-01 5.14590387e-02
 3.70244009e-02 1.16042757e-01 -9.92553914e-01
 3.00090551e-01 -7.77815818e-01 -5.52221164e-01
 6.87651321e-01 7.01235344e-01 1.88161243e-01
 3.17857135e-02 9.63591326e-01 -2.65483381e-01
 -8.87766479e-02 1.44337905e-01 -9.85538064e-01
 -6.46874133e-01 -1.94462592e-01 -7.37386030e-01
 -6.50679391e-01 -2.70315694e-01 -7.09609580e-01
 -3.03762007e-01 -9.36472638e-01 1.75350055e-01
 7.18292652e-01 3.32183375e-01 -6.11318143e-01
 7.86929949e-02 7.13578852e-01 -6.96141247e-01
 -5.90493741e-02 -4.52939705e-01 8.89583495e-01
 -3.90587279e-01 -3.84528524e-01 8.36408628e-01
 -7.55590115e-01 6.20001228e-01 2.11381301e-01
 7.36210295e-02 8.12449431e-01 -5.78364821e-01
 -4.86008695e-03 1.83197180e-01 -9.83064175e-01
 -2.26797367e-01 7.16679195e-01 -6.59495174e-01
 -9.97522713e-01 5.09561275e-02 4.84964985e-02
 -5.05332650e-01 -7.45826325e-01 -4.34029960e-01
 -1.74177548e-01 8.21939613e-01 -5.42289087e-01
 3.84461057e-01 -6.44214505e-01 6.61193895e-01
 1.13815651e-01 1.07331252e-01 -9.87687197e-01
 4.66973753e-03 8.96082658e-02 9.95966140e-01
 -3.64475005e-01 9.13298163e-01 -1.81781288e-01
 5.53447393e-01 3.18458460e-01 -7.69597422e-01
 -4.67935740e-01 2.15441672e-01 8.57100361e-01
 -9.34930628e-01 -3.43360431e-01 8.94893053e-02
 -2.03378116e-02 3.62075542e-03 9.99786609e-01
 1.09697263e-01 1.31675129e-01 -9.85204634e-01
 2.90507024e-01 -2.38362703e-01 -9.26708633e-01
 -4.79597158e-01 -2.51579853e-01 -8.40651024e-01
 -4.43599026e-01 8.96177327e-01 -9.27918386e-03
 -2.45190835e-01 -9.95058755e-02 -9.64354725e-01
 -7.85232317e-01 -9.91903682e-02 6.11204940e-01
 -2.73937265e-01 3.12461637e-01 -9.09574681e-01
 -8.22825335e-01 -4.47497277e-01 -3.50292243e-01
 5.55619551e-01 2.72956630e-01 -7.85354438e-01
 -4.21663677e-01 5.70639010e-01 7.04677844e-01
 2.38551924e-02 6.51386575e-01 7.58370925e-01
 7.44684884e-02 1.32641524e-01 9.88362621e-01
 1.63819487e-01 -7.99888051e-01 -5.77358018e-01
 1.40626106e-01 8.31186945e-01 -5.37915013e-01
 -6.94885977e-01 -6.02909926e-01 -3.91960586e-01
 -1.49755409e-01 -9.85145442e-01 8.40343687e-02
 -8.27111418e-01 -4.55306634e-01 -3.29518697e-01
 -6.17630519e-01 -7.36175011e-01 -2.76728920e-01
 -5.41553558e-01 -5.16774911e-02 8.39076386e-01
 -2.02058046e-01 -3.27312025e-01 9.23059794e-01
 -9.62797822e-02 -2.61165231e-01 -9.60480570e-01
 -2.90613761e-01 2.85297456e-01 9.13317581e-01
 7.24692011e-01 9.38126573e-02 6.82657069e-01
 3.35938172e-01 -7.35034915e-01 5.88956041e-01
 3.31945252e-01 -7.76626274e-01 5.35410104e-01
 8.51929455e-01 -3.86321258e-01 3.53513918e-01
 -2.68372146e-01 5.69572386e-01 -7.76893614e-01
 -6.97410051e-01 4.61884548e-01 -5.47979821e-01
 2.63441966e-01 -5.82120430e-01 -7.69242572e-01
 -1.40380249e-01 -5.84450165e-01 7.99194213e-01
 6.60210413e-01 -7.43230305e-01 1.08309392e-01
 3.88312428e-01 3.74710776e-01 -8.41905750e-01
 -5.58221699e-01 -5.33733665e-01 6.35229809e-01
 -1.06947213e-01 -1.25833835e-01 -9.86269811e-01
 -4.35833787e-01 6.12910385e-01 -6.59082521e-01
 -2.02012677e-01 -4.69434057e-01 8.59547872e-01
 -1.19406647e-01 -6.52358401e-01 -7.48445435e-01
 9.54739256e-01 2.54914960e-01 -1.53268770e-01
 -9.12275149e-01 3.75622308e-01 1.63284825e-01
 -1.67458900e-01 4.70517101e-02 -9.84755631e-01
 8.43280074e-03 9.45132547e-02 9.95487887e-01
 2.83748917e-01 6.63160602e-01 -6.92607081e-01
 6.43479881e-01 -4.67538060e-01 -6.06087292e-01
 -7.69339002e-01 -4.57532459e-01 -4.45849245e-01
 5.68842641e-01 8.16906238e-01 9.53008341e-02
 7.41323140e-01 -5.58465076e-01 -3.72232133e-01
 1.60225933e-01 9.77336086e-02 9.82230010e-01
 2.14410696e-01 -3.09098186e-01 9.26545393e-01
 -6.77698750e-01 -6.61203997e-01 -3.21766497e-01
 6.97380802e-01 2.99569617e-01 -6.51089903e-01
 -7.08470561e-01 -7.78088562e-02 -7.01437984e-01
 1.01685981e-01 3.10622226e-01 -9.45078724e-01
 3.44773942e-01 -4.42839386e-01 -8.27661892e-01
 2.11389833e-01 6.40879532e-01 -7.37961899e-01
 -5.78278050e-02 -2.51809756e-02 9.98008950e-01
 -1.60077202e-01 5.08910855e-01 -8.45804369e-01
 7.46883754e-01 6.09501403e-01 2.65843372e-01
 -1.54754653e-01 9.76583550e-01 1.49450886e-01
 -1.33516824e-02 8.70631994e-01 -4.91753662e-01
 1.75103422e-01 -2.52843901e-01 9.51529691e-01
 -4.62359579e-01 -8.09945498e-01 3.60848874e-01
 -2.39512038e-01 -5.94636131e-02 9.69070721e-01
 -3.31046896e-01 -1.59165392e-01 -9.30093721e-01
 -6.20271623e-01 -4.70974231e-02 7.82971868e-01
 -4.91075887e-01 4.81524934e-01 7.25932649e-01
 3.72903975e-01 -4.74884524e-02 -9.26653912e-01
 -3.26719877e-01 -5.58455032e-02 -9.43469873e-01
 9.55273234e-01 1.37536791e-01 -2.61795111e-01
 3.54370243e-01 5.41463736e-02 -9.33536235e-01
 1.00618215e-01 7.44038876e-01 6.60516560e-01
 -9.31112126e-02 -4.13586372e-02 9.94796344e-01
 -8.52857626e-02 8.04671690e-01 5.87562601e-01
 6.99728656e-01 -5.46499387e-01 -4.60128492e-01
 6.52523346e-01 2.22707533e-02 7.57441283e-01
 3.32170291e-01 -7.76895326e-02 9.40014486e-01
 3.49802258e-01 4.17616111e-01 8.38591178e-01
 4.44393423e-02 -2.43611738e-02 9.98715013e-01
 -1.32844513e-02 -6.62477442e-01 -7.48964059e-01
 7.40852130e-01 -1.94127686e-01 6.43002770e-01
 -1.84103437e-02 1.01992105e-02 -9.99778493e-01
 -7.04019700e-01 2.63037886e-01 -6.59672140e-01
 -6.56311726e-02 -4.57759130e-01 8.86650511e-01
 -2.11593091e-02 -6.76592863e-01 -7.36053246e-01
 3.33696814e-01 -9.41887265e-01 -3.86628572e-02
 2.90882056e-01 -3.48413526e-01 -8.91064332e-01
 -7.09267841e-01 6.75939560e-01 -2.00112072e-01
 -3.71657890e-01 6.19200002e-02 -9.26302502e-01
 9.08726479e-01 3.77878130e-02 4.15678082e-01
 -4.51461530e-02 2.08189869e-01 9.77045958e-01
 -7.23384542e-01 -3.53438084e-01 5.93124207e-01
 -2.37565372e-01 1.55532432e-01 -9.58839067e-01
 -3.32986249e-01 1.54015827e-02 9.42805892e-01
 -1.53957508e-01 -3.95727617e-01 9.05371050e-01
 2.35921702e-01 7.32906182e-02 9.69004353e-01
 1.84491566e-01 2.69020355e-01 -9.45299376e-01
 -5.02991087e-01 -4.49416422e-01 7.38257981e-01
 -4.30583452e-01 8.57283124e-02 8.98470115e-01
 4.90601543e-02 2.82434420e-01 -9.58031262e-01
 -5.17494257e-01 -2.34772491e-02 8.55364549e-01
 -4.74385106e-01 -7.55992495e-03 8.80284965e-01
 2.39114191e-01 7.26015191e-01 6.44768444e-01
 1.16241707e-01 -3.06038642e-02 -9.92749349e-01
 -1.78228913e-01 2.50633553e-01 9.51534170e-01
 -9.34301221e-01 3.56026622e-01 1.80630173e-02
 -3.85697769e-01 9.05777465e-01 -1.75511866e-01
 1.61808239e-01 6.26385334e-01 -7.62534922e-01
 1.79479525e-02 -2.18234879e-03 9.99836541e-01
 4.64430636e-01 -1.70218981e-01 -8.69097050e-01
 2.58364736e-01 3.27709505e-01 -9.08765175e-01
 -2.12142695e-01 -1.39449601e-01 9.67237968e-01
 2.87745971e-01 -5.17098966e-01 8.06108501e-01
 9.15705410e-02 1.54495299e-01 9.83740839e-01
 -7.96689629e-01 3.47910809e-01 4.94210182e-01
 -8.09447889e-01 5.55841269e-01 -1.89300286e-01
 -5.15909402e-01 -6.45754220e-01 -5.62884515e-01
 3.20025672e-01 6.52726561e-01 -6.86681590e-01
 -6.25277610e-01 8.51877735e-02 7.75738973e-01
 -3.51795498e-01 -3.74554408e-02 -9.35327225e-01
 -6.79739973e-01 -5.32910817e-01 -5.03944074e-01
 -2.84047328e-01 2.44665182e-02 9.58498046e-01
 -7.97440844e-01 4.09777069e-01 -4.42911791e-01
 8.32175835e-01 4.09932621e-01 3.73414817e-01
 -8.96410187e-03 9.82705837e-01 1.84956434e-01
 -4.16992547e-01 -8.63148056e-01 -2.84767711e-01
 -3.68079851e-01 -9.29518698e-01 2.26321583e-02
 -1.17942810e-01 -9.66994989e-04 -9.93019919e-01
 -5.88598974e-01 -5.78004834e-01 -5.65209394e-01
 5.73538414e-01 1.99871311e-01 -7.94421265e-01
 -5.66919329e-01 7.98454407e-01 -2.02664832e-01
 -6.70054403e-01 9.92878846e-02 7.35641905e-01
 -2.16432252e-01 7.41932437e-01 6.34581231e-01
 -9.56317317e-01 -2.11996584e-01 2.01282484e-01
 2.59335373e-01 -1.58116460e-02 9.65657888e-01
 -8.64454850e-01 5.45438279e-02 -4.99742718e-01
 8.86010055e-01 -3.10276719e-01 -3.44549763e-01
 2.21115523e-01 -2.02547515e-02 9.75037266e-01
 1.20187143e-01 -8.65351741e-01 4.86540250e-01
 4.34698329e-02 -1.22090787e-01 9.91566545e-01
 -8.99192032e-01 -1.69127389e-01 4.03546299e-01
 3.00230826e-01 -8.58024148e-02 -9.49999682e-01
 -3.01210455e-02 -3.58068633e-02 9.98904696e-01
 -3.59934152e-02 1.37041073e-01 9.89911217e-01
 3.69850137e-03 -5.42833437e-03 -9.99978427e-01
 4.96364478e-01 5.60140911e-01 6.63222787e-01
 3.33878708e-01 4.97388190e-02 -9.41302852e-01
 2.87187529e-02 -4.45372593e-01 -8.94884622e-01
 7.08641463e-01 6.35391637e-01 3.06764966e-01
 2.44037846e-01 -7.78670558e-02 -9.66634497e-01
 -1.31844567e-01 -3.19276760e-01 -9.38445183e-01
 1.43187865e-01 8.85652023e-01 -4.41721325e-01
 -8.66121269e-01 -3.24962509e-01 -3.79780613e-01
 -5.98541657e-01 -1.03145319e-01 7.94423645e-01
 5.21372809e-02 -9.03325555e-01 -4.25775346e-01
 7.12486844e-01 -2.65584288e-01 -6.49482473e-01
 -5.47614217e-01 -7.73627175e-01 3.18778393e-01
 -6.60475054e-02 2.20354049e-02 -9.97573139e-01
 9.48578129e-01 -3.12914369e-01 4.77925795e-02
 -5.97038877e-01 -7.88483877e-01 -1.47776034e-01
 -5.54755165e-01 -1.21893450e-01 -8.23036265e-01
 6.14305429e-02 -3.21668075e-01 -9.44857628e-01
 -6.70501135e-01 7.99188535e-02 -7.37591489e-01
 -1.98474767e-01 -2.38669669e-01 -9.50602207e-01
 -3.61190576e-02 -2.37634271e-02 -9.99064919e-01
 -3.06623446e-01 3.18343980e-02 -9.51298393e-01
 9.03576701e-01 1.21536109e-01 4.10826142e-01
 7.57943138e-01 -6.25502268e-01 -1.85119185e-01
 -3.20969583e-02 -6.32508837e-03 -9.99464746e-01
 -1.89582486e-01 -7.35347761e-01 -6.50632116e-01
 8.88571074e-01 -1.99796837e-01 4.12943906e-01
 -2.20784942e-01 9.58049004e-02 9.70605703e-01
 2.46212396e-01 -2.89283680e-02 -9.68784086e-01
 5.60823349e-01 4.93148128e-02 -8.26465498e-01
 2.41023996e-01 -4.10781076e-01 -8.79298778e-01
 2.52490429e-01 5.02751338e-01 8.26734344e-01
 1.17235976e-01 -1.35356203e-01 9.83836584e-01
 2.60711152e-01 6.19280876e-01 7.40621963e-01
 -1.96299257e-01 4.38384912e-01 8.77089089e-01
 -9.78512972e-02 -8.86669934e-02 9.91243304e-01
 -3.34247834e-01 -7.45724292e-01 5.76345093e-01
 -7.55427209e-01 5.20668683e-01 -3.97786191e-01
 9.64777655e-02 1.51804962e-01 9.83690650e-01
 1.00657112e-01 8.96047911e-01 -4.32395985e-01
 -7.18543220e-01 6.89882165e-01 -8.80808674e-02
 -9.24608206e-01 3.62192945e-01 -1.17965824e-01
 7.86547429e-01 5.82969662e-01 -2.03689750e-01
 2.73807730e-01 1.74507615e-01 9.45820501e-01
 -8.82497070e-01 4.50217850e-01 1.36025028e-01
 -2.57822187e-01 -8.15546962e-01 -5.18083848e-01
 -4.54366074e-01 3.70171183e-01 -8.10262159e-01
 -1.47936952e-01 -1.40082845e-01 -9.79025768e-01
 -7.36861637e-01 -6.75883643e-01 -1.47047182e-02
 -4.68063721e-01 2.05782015e-01 8.59401021e-01
 1.12711702e-01 1.32211957e-01 9.84792400e-01
 4.01302331e-01 3.35761048e-01 8.52185988e-01
 5.58635741e-01 3.20379833e-01 -7.65037823e-01
 6.16043797e-02 9.36227756e-02 9.93699993e-01
 6.85440382e-02 9.96376318e-01 -5.03581925e-02
 -7.75057374e-01 5.88162233e-01 -2.30978906e-01
 2.63073696e-01 1.28891044e-01 -9.56127256e-01
 -5.13526326e-01 2.67669427e-01 -8.15256886e-01
 6.09142796e-02 9.79535215e-01 -1.91833818e-01
 8.62833589e-01 4.58620024e-01 2.12569684e-01
 2.68415244e-01 -8.54700251e-01 -4.44343040e-01
 -8.19391334e-01 -5.72723538e-01 2.41990009e-02
 -3.29983578e-01 -5.83863913e-01 7.41763958e-01
 7.47184225e-01 3.77817445e-01 5.46781229e-01
 -3.46528947e-01 -8.74468244e-01 3.39445103e-01
 -9.95598450e-01 -1.86919871e-02 -9.18386364e-02
 1.57441440e-01 4.26168420e-01 8.90838184e-01
 -2.35206196e-01 -9.32894711e-01 -2.72737061e-01
 -1.01503656e-01 -6.77871079e-01 -7.28139964e-01
 2.76204877e-01 -2.43882368e-01 9.29640929e-01
 3.98343013e-01 -4.61677510e-01 7.92576003e-01
 1.15303792e-01 1.16422206e-01 -9.86484113e-01
 8.03071089e-01 6.74798208e-03 5.95845023e-01
 6.67950494e-01 -1.22216099e-01 7.34101739e-01
 -9.86212142e-01 -1.65426135e-01 4.45017297e-03
 -2.55874071e-01 -4.88918451e-02 -9.65472966e-01
 -3.79358033e-01 4.73948635e-01 -7.94644684e-01
 7.18471958e-01 -5.49046017e-01 -4.27020511e-01
 4.99964478e-01 -7.23578772e-01 4.75887887e-01
 4.05172816e-01 1.13282255e-01 -9.07194643e-01
 -1.66967038e-01 7.08958199e-02 -9.83410286e-01
 -1.39899584e-01 -3.54651604e-01 -9.24473010e-01
 -7.40837316e-01 6.16506813e-01 -2.66607243e-01
 -1.96681708e-01 3.30392570e-01 9.23123532e-01
 7.80398006e-01 1.42724551e-01 6.08776359e-01
 2.78543024e-02 4.18960548e-01 -9.07577103e-01
 -7.67311206e-01 -5.29357978e-01 3.61958070e-01
 8.42655653e-01 -1.66842002e-01 5.11952338e-01
 -9.95736323e-01 -8.75963547e-02 -2.89145798e-02
 -1.81459890e-01 -6.04409989e-01 -7.75732476e-01
 -8.44225720e-01 4.66567602e-01 -2.63813583e-01
 -7.18096937e-01 5.53666185e-01 -4.21652160e-01
 -9.84030337e-01 -2.04878298e-02 1.76817827e-01
 -4.61785852e-01 -8.32560309e-01 3.05936528e-01
 -2.33198597e-01 -6.57970518e-03 -9.72406871e-01
 3.42654935e-02 -4.16856236e-03 -9.99404072e-01
 -3.99986352e-01 -6.65819242e-01 6.29837800e-01
 -5.88222433e-01 -6.31205052e-01 -5.05543817e-01
 -6.70106776e-03 1.83813077e-01 -9.82938375e-01
 -1.26782297e-01 6.34139934e-01 -7.62753429e-01
 2.05404796e-01 -9.38324703e-01 2.78128787e-01
 6.42255394e-01 -2.02699769e-02 -7.66222642e-01
 7.11822064e-01 -3.94575828e-01 5.81050140e-01
 3.30928145e-01 -3.71621168e-01 8.67400871e-01
 -3.11527943e-01 3.93456977e-01 -8.64951992e-01
 -1.17298507e-01 2.85389917e-01 -9.51206421e-01
 1.07436005e-01 7.64597902e-01 6.35490010e-01
 -6.14058612e-01 7.89260412e-01 -1.52751066e-04
