0.2398    2.2264
   -0.2188    2.5055
    0.2151    1.3471
   -0.3392    1.7648
    0.2845    2.0557
   -0.6714    2.1669
    0.0900    1.8251
   -0.2319    2.0943
   -0.2446    1.6121
    0.0480    1.9400
   -0.1065    1.9046
    0.3070    2.3026
   -0.0339    1.8313
    0.3205    1.7151
   -0.1503    1.7178
    0.0218    2.0881
    0.1260    1.7642
    0.3530    2.5071
    0.1962    2.1816
   -0.0910    2.1014
   -0.4338    1.9521
   -0.2169    2.0999
    0.1049    2.4249
   -0.3155    1.2923
    0.0922    2.4089
    0.3501    1.8803
    0.0775    2.0008
    0.0522    2.2797
    0.1285    2.1842
    0.3845    1.4895
    0.4580    1.5245
   -0.3242    2.1814
    0.0650    1.7121
    0.1862    1.4841
   -0.0835    1.8864
    0.7891    1.8743
    0.2707    1.6328
   -0.2691    1.6490
    0.2567    2.0919
    0.2214    1.3959
    0.2403    2.4158
   -0.5417    2.2104
    0.4860    1.9130
   -0.5091    1.9927
    0.3509    1.7129
   -0.3509    1.6700
    0.1219    2.1181
    0.3052    2.2851
    0.2588    2.4043
    0.0117    1.9594
   -0.2928    2.1938
   -0.0354    2.6187
   -0.2539    2.7167
   -0.5265    1.8817
   -0.2850    2.7077
    0.1861    1.9495
    0.1752    1.7776
   -0.1313    2.1782
    0.0195    1.9841
    0.1447    2.3680
    0.0629    2.2083
    0.0814    1.5098
    0.6580    1.0421
   -0.7201    2.1709
    0.1072    1.6809
    0.0917    2.2871
    0.2094    2.5004
   -0.1837    1.6904
    0.2807    2.3187
    0.0544    2.0501
    0.2684    1.8144
    0.3048    2.4978
    0.4180    1.8366
   -0.0203    2.3883
    0.4165    2.5009
    0.0721    1.3394
   -0.4521    2.9327
   -0.0473    2.4288
   -0.1597    2.3321
   -0.5468    1.7574
   -0.1320    1.9185
   -0.1945    1.5662
    0.2279    1.5991
    0.1073    1.7170
    0.2792    2.1863
    0.0899    2.5827
   -0.0460    2.4263
   -0.0283    1.8447
    0.0914    1.3114
    0.3684    2.0749
    0.2548    1.7674
   -0.4287    1.4373
    0.0382    2.1417
   -0.0703    2.1838
    0.1808    2.2709
   -0.0949    1.9158
    0.3587    1.8680
   -0.0567    1.9349
   -0.4639    1.9449
    0.4412    2.0688
    0.1394    2.5326
    0.1788    2.0378
   -0.2193    2.2058
    0.2637    2.6578
   -0.7075    1.8927
    0.3471    2.2309
   -0.0005    2.0930
   -0.5106    1.7315
   -0.3886    1.1987
    0.0656    1.2477
    0.0699    1.8905
   -0.3181    1.8068
   -0.1433    1.8709
    0.4425    1.5523
   -0.1461    2.0718
    0.0103    2.0658
    0.2526    1.7724
    0.2836    2.2396
    0.0436    1.4804
   -0.5120    1.6658
   -0.5207    1.9204
    0.1356    1.5894
   -0.2331    2.3900
    0.1786    2.4726
   -0.4377    2.0746
    0.1455    1.5559
    0.1990    2.2083
    0.1201    1.1915
   -0.3204    1.8308
   -0.1098    3.0127
    0.1397    2.1389
   -0.5029    1.6364
   -0.2218    2.2804
   -0.3408    1.9104
    0.3169    2.3274
    0.5469    1.8846
    0.2242    2.4244
   -0.2365    2.3190
    0.0724    2.0676
   -0.0707    1.9054
   -0.2698    2.0809
    0.1093    1.9397
    0.0347    1.9750
   -0.3583    2.2213
   -0.2160    1.7481
   -0.0879    1.7466
    0.2071    1.9976
   -0.3948    1.7702
   -0.1890    1.5285
   -0.1524    2.2752
    0.3110    1.9160
    0.5572    1.5046
    0.4514    1.8752
    0.2883    1.9545
    0.1034    1.2618
    0.0220    1.5707
   -0.4743    1.4258
   -0.1323    2.3505
   -0.0067    1.9551
    0.0722    2.3519
   -0.3188    2.1769
   -0.2102    2.1513
    0.1765    1.7852
   -0.3759    2.0901
   -0.2452    1.5785
    0.0857    1.7711
    0.4854    1.7902
   -0.3328    2.0628
    0.1978    1.4324
   -0.2522    1.5612
   -0.0991    2.0625
   -0.1904    2.4646
    0.3981    2.1159
    0.2715    1.8600
   -0.6658    1.9846
   -0.1141    2.0246
    0.1751    2.6191
   -0.4922    1.9770
   -0.0654    2.2969
   -0.1346    1.9748
    0.1561    1.7467
   -0.2754    2.0978
    0.0252    2.3326
   -0.1650    1.4737
   -0.4471    1.6551
   -0.1215    1.9394
   -0.1448    2.1465
   -0.0922    1.7078
   -0.0953    1.7946
   -0.5024    2.1970
    0.3460    1.5778
    0.4187    2.3313
   -0.0400    2.2730
   -0.2331    1.7969
    0.0676    2.2087
   -0.1267    2.4092
    0.0205    2.0995
   -0.5559    2.2718
    0.5334    2.0407
    0.1035    2.0052
    1.9674    0.1679
    1.5553    0.6750
    1.6658    0.1121
    1.9862    0.0733
    2.4420    0.4073
    1.7321   -0.0043
    2.6604   -0.4216
    1.6361   -0.1759
    2.2885    0.2389
    1.4142   -0.2884
    1.6121    0.4338
    1.7879    0.0777
    2.0995    0.0376
    2.8369    0.1216
    2.0492   -0.0222
    1.8160   -0.1829
    2.2286    0.1484
    1.4637    0.4110
    1.9569    0.5170
    2.1994   -0.2222
    1.8677    0.2553
    1.9249   -0.3249
    2.0803    0.4094
    2.1883    0.0047
    2.7503    0.0692
    2.8931    0.5418
    2.3117   -0.6574
    1.3889    0.0357
    2.1624   -0.3436
    1.7464   -0.4928
    1.5330    0.2016
    2.3118   -0.1279
    2.2165   -0.1275
    1.9134    0.0266
    1.8309   -0.1377
    1.6036   -0.1779
    1.1770    0.2777
    1.2718   -0.2576
    1.4751   -0.0817
    1.8142    0.1560
    2.0783   -0.2538
    2.1026   -0.0026
    1.4451    0.1985
    2.3131    0.0488
    2.1909    0.8161
    2.6506   -0.4131
    1.7718    0.3237
    1.9970    0.2460
    1.7650   -0.2637
    2.3210   -0.1855
    2.4867    0.0208
    2.2239   -0.0039
    3.2396   -0.0243
    1.9283   -0.4929
    2.1921    0.5384
    1.1204   -0.1483
    1.7558    0.0299
    1.1555    0.0908
    1.9517    0.2907
    1.4114    0.1613
    1.6992    0.0776
    1.5965   -0.4429
    1.9308    0.3066
    2.4236    0.5040
    2.6933   -0.4547
    2.1919   -0.4852
    1.7492   -0.0236
    2.0802    0.0258
    1.6550   -0.2667
    1.5781   -0.1786
    1.3705   -0.0089
    1.1476   -0.3933
    1.9708    0.2318
    2.3006    0.0188
    2.0922    0.0472
    1.9964    0.5047
    2.0090   -0.2458
    1.7503    0.4902
    2.8435    0.3336
    1.9016   -0.0527
    1.3675    0.0994
    1.8646    0.4489
    1.7453    0.1035
    1.9457    0.1504
    1.8255    0.1261
    1.6224   -0.0230
    1.2229    0.4158
    1.7990    0.3094
    1.3077    0.5446
    1.9572   -0.1304
    2.4059    0.1787
    3.0597    0.2340
    2.2324    0.0696
    2.1836    0.4151
    2.4707    0.1990
    2.1918   -0.3504
    2.5792   -0.1414
    1.9168   -0.2296
    2.0585    0.1120
    1.7059   -0.1603
    1.6604   -0.6653
    1.7338   -0.2102
    2.3633    0.4586
    2.0311   -0.1043
    1.1800    0.8544
    2.8172   -0.5170
    2.2925   -0.1696
    1.3092    0.1730
    1.8322    0.4720
    2.0929   -0.1440
    1.6576   -0.1570
    1.9524    0.3906
    2.1515    0.0129
    2.4622    0.2367
    1.3717    0.3892
    1.5391    0.0964
    1.7123    0.3408
    2.0764    0.2420
    2.6014   -0.4173
    2.8659   -0.1610
    2.3315    0.1755
    2.3631   -0.6191
    1.9361   -0.2405
    1.9553   -0.7728
    1.6422   -0.2085
    2.2206   -0.0363
    2.5535    0.0949
    2.5796   -0.1847
    1.8756   -0.9720
    2.0971    0.4905
    2.2821   -0.1288
    1.7547    0.4516
    2.1027   -0.4279
    2.1589    0.2859
    2.2331    0.1713
    1.7245   -0.1471
    2.6019    0.7686
    2.4360    0.6389
    0.9366    0.2521
    1.5115    0.0098
    1.8543    0.1710
    1.1001    0.2163
    2.7011   -0.1866
    2.1044   -0.0826
    2.2891    0.4797
    1.4949    0.3185
    2.0881    0.0960
    2.7589   -0.2584
    2.3247   -0.1553
    2.3544    0.2743
    2.2698    0.1141
    1.9739   -0.0254
    1.5042    0.2369
    2.9589   -0.5667
    1.3950    0.3837
    2.2044   -0.0191
    2.1749   -0.1241
    2.9271    0.1928
    1.8554    0.2035
    2.6566    0.3224
    1.7753    0.2955
    2.0937    0.3885
    2.3376   -0.0789
    1.5760   -0.2238
    2.2742   -0.1878
    2.7873   -0.0829
    2.0397    0.3930
    3.1608   -0.4898
    1.6979   -0.1223
    3.2463    0.0870
    1.9925    0.2613
    2.1215   -0.3097
    1.5912   -0.0330
    1.1273    0.0404
    1.8580    0.0198
    2.2631    0.1175
    2.3707   -0.0329
    1.2510   -0.2203
    1.1403   -0.1223
    1.8047    0.0051
    2.0201    0.4330
    3.0807    0.1318
    1.8614    0.0217
    2.0839    0.0930
    2.4238    0.1495
    1.7649    0.5638
    1.5011    0.0824
    1.2879    0.4777
    2.5254    0.1002
    2.2170    0.2541
    2.7359    0.1837
    1.7969    0.5624
    2.4511   -0.2966
    2.9165   -0.2899
    2.2692    0.1189
    2.0080    0.2877
    1.2798    0.0488
    2.5540   -0.0640
    2.3057    0.4708
    1.6509   -0.1966
    1.1990    0.8016
    0.7002    1.7426
    0.5711    0.3088
    0.8254    1.9867
    0.9662   -0.7536
    1.9576    1.8553
   -0.4013    2.5043
   -0.8094    3.8114
    1.2930    2.7526
    3.3493    2.7000
    3.6712    1.1594
    0.3222    2.1713
   -0.1985    3.0151
    3.3643   -0.5806
    0.1894    3.7273
    2.2292    3.5797
    3.8344    2.0099
    2.3247    0.2678
    3.3519    3.3673
   -0.9504    1.5670
   -0.3150    2.6633
    3.0938    1.1111
    1.1508    3.8068
    3.4516   -0.6397
    2.6745    1.7670
    2.4366    0.4599
    0.7306    3.2898
   -0.1698    0.6788
   -0.2219    2.4010
   -0.0444   -0.7328
    1.1123    0.7833
    3.2799    1.4915
    1.4512    1.1722
    3.0797    1.8123
    1.3038    2.0831
    1.2868   -0.4333
    1.2534    3.4913
    1.0611    2.7728
    3.5080    2.9556
   -0.9721    3.0748
    0.4870    2.3500
   -0.7542    0.0044
    2.4659    0.3654
    2.2505    2.1312
    3.9149    1.6843
    1.7634   -0.7025
    1.0004   -0.5552
   -0.0061    0.3565
    2.1260    1.0454
    2.6668    1.3702
    0.8794    3.5449
   -0.9506    1.9812
    1.0993    0.6448
    2.7683    1.3910
    2.9694    1.9859
    3.5998   -0.1928
    3.2236    3.1474
    0.8388    3.7806
    2.1040    1.9777
    2.6564   -0.8563
   -0.0305    3.0606
    3.5241    2.0506
    1.8460    2.5075
    2.1589   -0.5390
    0.1721    1.1244
    1.7439    0.8779
    3.6579   -0.1692
    0.6760    3.1658
    2.2777    3.1932
    0.9595    1.2581
    2.1366    3.7830
    2.4954   -0.2642
    0.9859    3.3497
    1.0681    2.8472
    2.2761    1.2208
    3.1879    2.1031
    0.8580    3.7584
    1.1263    2.2000
    1.9733    0.2366
    1.8287    0.7635
    2.5827   -0.0607
    1.5566    1.4532
    2.8820    1.0464
    1.4467    1.3176
   -0.0705    2.0547
    2.5032   -0.6442
    3.9135    0.5714
    3.0332    2.0419
    2.5178   -0.1249
    1.4248    2.1051
   -0.4269    0.2298
    2.3243    1.9368
    0.8269    1.5303
   -0.2998    1.3239
    1.8339    1.7071
    3.1150    3.7116
    2.3697    0.7088
    3.9972    1.0090
    3.8082    0.5384
   -0.7057    1.0578
